Municipios,Postos,Latitude,Longitude,Anos,Meses,Total,Dia1,Dia2,Dia3,Dia4,Dia5,Dia6,Dia7,Dia8,Dia9,Dia10,Dia11,Dia12,Dia13,Dia14,Dia15,Dia16,Dia17,Dia18,Dia19,Dia20,Dia21,Dia22,Dia23,Dia24,Dia25,Dia26,Dia27,Dia28,Dia29,Dia30,Dia31
Maranguape,LAGOA DO JUVENAL,"-4,0282777777778","-38,971527777778",2000,1,"999,0","999,0","999,0","999,0","999,0","999,0","999,0","999,0","999,0","999,0","999,0","999,0","999,0","999,0","999,0","999,0","999,0","999,0","999,0","999,0","999,0","999,0","999,0","999,0","999,0","999,0","999,0","999,0","999,0","999,0","999,0","0,0"
Maranguape,LAGOA DO JUVENAL,"-4,0282777777778","-38,971527777778",2000,2,"999,0","999,0","999,0","999,0","999,0","999,0","999,0","999,0","999,0","999,0","999,0","999,0","999,0","999,0","999,0","999,0","999,0","999,0","999,0","999,0","999,0","999,0","999,0","999,0","999,0","999,0","999,0","999,0","0,0","0,0","0,0","0,0"
Maranguape,LAGOA DO JUVENAL,"-4,0282777777778","-38,971527777778",2000,3,"999,0","999,0","999,0","999,0","999,0","999,0","999,0","999,0","999,0","999,0","999,0","999,0","999,0","999,0","999,0","999,0","999,0","999,0","999,0","999,0","999,0","999,0","999,0","999,0","999,0","999,0","999,0","999,0","999,0","999,0","999,0","0,0"
Maranguape,LAGOA DO JUVENAL,"-4,0282777777778","-38,971527777778",2000,4,"999,0","999,0","999,0","999,0","999,0","999,0","999,0","999,0","999,0","999,0","999,0","999,0","999,0","999,0","999,0","999,0","999,0","999,0","999,0","999,0","999,0","999,0","999,0","999,0","999,0","999,0","999,0","999,0","999,0","999,0","0,0","0,0"
Maranguape,LAGOA DO JUVENAL,"-4,0282777777778","-38,971527777778",2000,5,"999,0","999,0","999,0","999,0","999,0","999,0","999,0","999,0","999,0","999,0","999,0","999,0","999,0","999,0","999,0","999,0","999,0","999,0","999,0","999,0","999,0","999,0","999,0","999,0","999,0","999,0","999,0","999,0","999,0","999,0","999,0","0,0"
Maranguape,LAGOA DO JUVENAL,"-4,0282777777778","-38,971527777778",2000,6,"0,0","0,0","0,0","0,0","0,0","0,0","0,0","0,0","0,0","0,0","0,0","0,0","0,0","0,0","0,0","0,0","0,0","0,0","0,0","0,0","0,0","0,0","0,0","0,0","0,0","0,0","0,0","0,0","0,0","0,0","0,0","0,0"
Maranguape,LAGOA DO JUVENAL,"-4,0282777777778","-38,971527777778",2000,7,"146,2","0,0","0,0","0,0","0,0","0,0","0,0","0,0","0,0","0,0","0,0","0,0","60,2","48,0","0,0","0,0","0,0","0,0","0,0","0,0","0,0","26,0","0,0","0,0","0,0","0,0","0,0","2,0","6,0","0,0","0,0","4,0"
Maranguape,LAGOA DO JUVENAL,"-4,0282777777778","-38,971527777778",2000,8,"0,0","0,0","0,0","0,0","0,0","0,0","0,0","0,0","0,0","0,0","0,0","0,0","0,0","0,0","0,0","0,0","0,0","0,0","0,0","0,0","0,0","0,0","0,0","0,0","0,0","0,0","0,0","0,0","0,0","0,0","0,0","0,0"
Maranguape,LAGOA DO JUVENAL,"-4,0282777777778","-38,971527777778",2000,9,"0,0","0,0","0,0","0,0","0,0","0,0","0,0","0,0","0,0","0,0","0,0","0,0","0,0","0,0","0,0","0,0","0,0","0,0","0,0","0,0","0,0","0,0","0,0","0,0","0,0","0,0","0,0","0,0","0,0","0,0","0,0","0,0"
Maranguape,LAGOA DO JUVENAL,"-4,0282777777778","-38,971527777778",2000,10,"0,0","0,0","0,0","0,0","0,0","0,0","0,0","0,0","0,0","0,0","0,0","0,0","0,0","0,0","0,0","0,0","0,0","0,0","0,0","0,0","0,0","0,0","0,0","0,0","0,0","0,0","0,0","0,0","0,0","0,0","0,0","0,0"
Maranguape,LAGOA DO JUVENAL,"-4,0282777777778","-38,971527777778",2000,11,"0,0","0,0","0,0","0,0","0,0","0,0","0,0","0,0","0,0","0,0","0,0","0,0","0,0","0,0","0,0","0,0","0,0","0,0","0,0","0,0","0,0","0,0","0,0","0,0","0,0","0,0","0,0","0,0","0,0","0,0","0,0","0,0"
Maranguape,LAGOA DO JUVENAL,"-4,0282777777778","-38,971527777778",2000,12,"0,0","0,0","0,0","0,0","0,0","0,0","0,0","0,0","0,0","0,0","0,0","0,0","0,0","0,0","0,0","0,0","0,0","0,0","0,0","0,0","0,0","0,0","0,0","0,0","0,0","0,0","0,0","0,0","0,0","0,0","0,0","0,0"
Maranguape,LAGOA DO JUVENAL,"-4,0282777777778","-38,971527777778",2001,1,"88,1","0,0","0,0","0,0","19,3","0,0","0,0","0,0","4,2","0,0","0,0","0,0","0,0","31,2","25,0","0,0","1,1","0,0","0,0","0,0","0,0","0,0","7,3","0,0","0,0","0,0","0,0","0,0","0,0","0,0","0,0","0,0"
Maranguape,LAGOA DO JUVENAL,"-4,0282777777778","-38,971527777778",2001,2,"41,1","0,0","0,0","0,0","0,0","0,0","0,0","0,0","0,0","0,0","9,2","0,0","4,0","12,1","7,1","0,0","0,0","0,0","0,0","1,2","0,0","0,0","0,0","0,0","0,0","0,0","0,0","7,5","0,0","0,0","0,0","0,0"
Maranguape,LAGOA DO JUVENAL,"-4,0282777777778","-38,971527777778",2001,3,"156,9","5,2","0,0","0,0","0,0","0,0","0,0","0,0","0,0","0,0","14,0","23,2","4,0","2,0","2,1","8,8","23,0","0,0","0,0","0,0","0,0","0,0","14,0","0,0","0,0","0,0","4,4","0,0","0,0","35,0","1,0","20,2"
Maranguape,LAGOA DO JUVENAL,"-4,0282777777778","-38,971527777778",2001,4,"220,3","9,3","13,2","4,0","4,0","19,3","0,0","20,0","0,0","9,3","2,1","68,3","12,2","0,0","4,2","4,1","4,1","4,3","4,2","11,0","0,0","4,0","5,2","0,0","4,3","13,2","0,0","0,0","0,0","0,0","0,0","0,0"
Maranguape,LAGOA DO JUVENAL,"-4,0282777777778","-38,971527777778",2001,5,"12,0","0,0","0,0","0,0","0,0","3,0","9,0","0,0","0,0","0,0","0,0","0,0","0,0","0,0","0,0","0,0","0,0","0,0","0,0","0,0","0,0","0,0","0,0","0,0","0,0","0,0","0,0","0,0","0,0","0,0","0,0","0,0"
Maranguape,LAGOA DO JUVENAL,"-4,0282777777778","-38,971527777778",2001,6,"112,8","0,0","3,0","0,0","7,2","52,0","0,0","0,0","27,3","0,0","0,0","0,0","6,0","0,0","0,0","0,0","0,0","0,0","0,0","0,0","0,0","0,0","0,0","12,0","0,0","0,0","0,0","5,3","0,0","0,0","0,0","0,0"
Maranguape,LAGOA DO JUVENAL,"-4,0282777777778","-38,971527777778",2001,7,"0,0","0,0","0,0","0,0","0,0","0,0","0,0","0,0","0,0","0,0","0,0","0,0","0,0","0,0","0,0","0,0","0,0","0,0","0,0","0,0","0,0","0,0","0,0","0,0","0,0","0,0","0,0","0,0","0,0","0,0","0,0","0,0"
Maranguape,LAGOA DO JUVENAL,"-4,0282777777778","-38,971527777778",2001,8,"58,5","3,3","22,2","0,0","0,0","0,0","7,0","7,0","5,0","5,0","0,0","0,0","0,0","0,0","0,0","0,0","0,0","0,0","0,0","0,0","0,0","0,0","0,0","0,0","4,0","0,0","0,0","0,0","0,0","0,0","5,0","0,0"
Maranguape,LAGOA DO JUVENAL,"-4,0282777777778","-38,971527777778",2001,9,"20,0","0,0","0,0","0,0","0,0","0,0","0,0","0,0","0,0","0,0","6,0","10,0","0,0","0,0","0,0","0,0","0,0","0,0","0,0","4,0","0,0","0,0","0,0","0,0","0,0","0,0","0,0","0,0","0,0","0,0","0,0","0,0"
Maranguape,LAGOA DO JUVENAL,"-4,0282777777778","-38,971527777778",2001,10,"0,0","0,0","0,0","0,0","0,0","0,0","0,0","0,0","0,0","0,0","0,0","0,0","0,0","0,0","0,0","0,0","0,0","0,0","0,0","0,0","0,0","0,0","0,0","0,0","0,0","0,0","0,0","0,0","0,0","0,0","0,0","0,0"
Maranguape,LAGOA DO JUVENAL,"-4,0282777777778","-38,971527777778",2001,11,"0,0","0,0","0,0","0,0","0,0","0,0","0,0","0,0","0,0","0,0","0,0","0,0","0,0","0,0","0,0","0,0","0,0","0,0","0,0","0,0","0,0","0,0","0,0","0,0","0,0","0,0","0,0","0,0","0,0","0,0","0,0","0,0"
Maranguape,LAGOA DO JUVENAL,"-4,0282777777778","-38,971527777778",2001,12,"0,0","0,0","0,0","0,0","0,0","0,0","0,0","0,0","0,0","0,0","0,0","0,0","0,0","0,0","0,0","0,0","0,0","0,0","0,0","0,0","0,0","0,0","0,0","0,0","0,0","0,0","0,0","0,0","0,0","0,0","0,0","0,0"
Maranguape,LAGOA DO JUVENAL,"-4,0282777777778","-38,971527777778",2002,1,"200,7","0,0","7,3","0,0","0,0","0,0","0,0","0,0","16,0","34,0","9,0","11,0","0,0","3,0","0,0","0,0","0,0","1,4","43,0","4,0","0,0","0,0","27,0","0,0","0,0","0,0","0,0","0,0","26,0","0,0","0,0","19,0"
Maranguape,LAGOA DO JUVENAL,"-4,0282777777778","-38,971527777778",2002,2,"32,0","0,0","0,0","0,0","0,0","0,0","0,0","0,0","0,0","0,0","4,1","0,0","0,0","0,0","0,0","2,4","0,0","0,0","0,0","13,0","5,3","0,0","0,0","0,0","0,0","0,0","0,0","7,2","0,0","0,0","0,0","0,0"
Maranguape,LAGOA DO JUVENAL,"-4,0282777777778","-38,971527777778",2002,3,"238,6","0,0","13,3","7,1","50,0","17,0","6,0","0,0","17,3","18,0","3,3","0,0","4,4","5,0","0,0","0,0","1,2","3,1","0,0","0,0","5,3","0,0","0,0","22,0","16,2","7,3","0,0","16,1","26,0","0,0","0,0","0,0"
Maranguape,LAGOA DO JUVENAL,"-4,0282777777778","-38,971527777778",2002,4,"358,5","4,2","0,0","0,0","22,0","2,2","19,1","4,2","52,2","0,0","10,0","39,2","77,0","0,0","0,0","5,2","0,0","0,0","19,3","0,0","0,0","0,0","10,2","6,1","0,0","3,4","0,0","15,0","56,0","13,2","0,0","0,0"
Maranguape,LAGOA DO JUVENAL,"-4,0282777777778","-38,971527777778",2002,5,"147,0","21,2","28,2","2,3","0,0","0,0","0,0","12,3","0,0","0,0","3,3","29,3","17,2","5,0","0,0","0,0","0,0","0,0","0,0","0,0","0,0","0,0","0,0","21,0","5,0","0,0","0,0","0,0","0,0","0,0","2,2","0,0"
Maranguape,LAGOA DO JUVENAL,"-4,0282777777778","-38,971527777778",2002,6,"47,3","5,2","0,0","0,0","0,0","0,0","0,0","0,0","0,0","10,0","0,0","0,0","0,0","8,0","3,0","0,0","0,0","3,3","0,0","4,3","7,3","0,0","0,0","0,0","0,0","0,0","3,2","0,0","0,0","0,0","3,0","0,0"
Maranguape,LAGOA DO JUVENAL,"-4,0282777777778","-38,971527777778",2002,7,"42,0","11,2","2,2","0,0","0,0","0,0","0,0","0,0","0,0","0,0","13,3","9,3","0,0","0,0","0,0","0,0","0,0","0,0","0,0","0,0","0,0","0,0","0,0","0,0","0,0","6,0","0,0","0,0","0,0","0,0","0,0","0,0"
Maranguape,LAGOA DO JUVENAL,"-4,0282777777778","-38,971527777778",2002,8,"0,0","0,0","0,0","0,0","0,0","0,0","0,0","0,0","0,0","0,0","0,0","0,0","0,0","0,0","0,0","0,0","0,0","0,0","0,0","0,0","0,0","0,0","0,0","0,0","0,0","0,0","0,0","0,0","0,0","0,0","0,0","0,0"
Maranguape,LAGOA DO JUVENAL,"-4,0282777777778","-38,971527777778",2002,9,"2,2","0,0","0,0","0,0","2,2","0,0","0,0","0,0","0,0","0,0","0,0","0,0","0,0","0,0","0,0","0,0","0,0","0,0","0,0","0,0","0,0","0,0","0,0","0,0","0,0","0,0","0,0","0,0","0,0","0,0","0,0","0,0"
Maranguape,LAGOA DO JUVENAL,"-4,0282777777778","-38,971527777778",2002,10,"0,0","0,0","0,0","0,0","0,0","0,0","0,0","0,0","0,0","0,0","0,0","0,0","0,0","0,0","0,0","0,0","0,0","0,0","0,0","0,0","0,0","0,0","0,0","0,0","0,0","0,0","0,0","0,0","0,0","0,0","0,0","0,0"
Maranguape,LAGOA DO JUVENAL,"-4,0282777777778","-38,971527777778",2002,11,"0,0","0,0","0,0","0,0","0,0","0,0","0,0","0,0","0,0","0,0","0,0","0,0","0,0","0,0","0,0","0,0","0,0","0,0","0,0","0,0","0,0","0,0","0,0","0,0","0,0","0,0","0,0","0,0","0,0","0,0","0,0","0,0"
Maranguape,LAGOA DO JUVENAL,"-4,0282777777778","-38,971527777778",2002,12,"0,0","0,0","0,0","0,0","0,0","0,0","0,0","0,0","0,0","0,0","0,0","0,0","0,0","0,0","0,0","0,0","0,0","0,0","0,0","0,0","0,0","0,0","0,0","0,0","0,0","0,0","0,0","0,0","0,0","0,0","0,0","0,0"
Maranguape,LAGOA DO JUVENAL,"-4,0282777777778","-38,971527777778",2003,1,"115,0","0,0","0,0","0,0","0,0","0,0","0,0","0,0","0,0","5,0","0,0","0,0","0,0","0,0","0,0","0,0","0,0","0,0","0,0","0,0","55,0","0,0","0,0","15,0","0,0","10,0","0,0","0,0","0,0","20,0","10,0","0,0"
Maranguape,LAGOA DO JUVENAL,"-4,0282777777778","-38,971527777778",2003,2,"95,4","0,0","0,0","0,0","0,0","5,0","0,0","0,0","0,0","0,0","0,0","0,0","2,0","0,0","0,0","0,0","0,0","15,2","1,0","10,0","8,0","7,5","0,0","1,2","8,0","6,5","2,0","9,0","20,0","0,0","0,0","0,0"
Maranguape,LAGOA DO JUVENAL,"-4,0282777777778","-38,971527777778",2003,3,"328,2","18,0","0,0","1,0","27,2","4,0","0,0","0,0","15,5","0,0","0,0","21,0","19,0","5,5","6,0","4,0","7,0","0,0","48,0","45,0","0,0","5,0","0,0","0,0","47,0","2,0","1,0","6,0","27,0","16,0","3,0","0,0"
Maranguape,LAGOA DO JUVENAL,"-4,0282777777778","-38,971527777778",2003,4,"192,2","34,0","8,0","0,0","4,5","0,0","1,5","0,0","6,0","1,2","11,0","10,0","0,0","7,5","0,0","0,0","0,0","0,0","0,0","14,0","13,5","0,0","7,5","12,0","1,5","0,0","22,0","0,0","18,0","10,0","10,0","0,0"
Maranguape,LAGOA DO JUVENAL,"-4,0282777777778","-38,971527777778",2003,5,"137,5","12,0","6,0","5,5","0,0","28,0","3,0","0,0","0,0","0,0","5,0","0,0","0,0","3,0","0,0","8,0","31,0","0,0","0,0","10,5","0,0","0,0","10,5","0,0","0,0","0,0","0,0","0,0","5,0","5,0","0,0","5,0"
Maranguape,LAGOA DO JUVENAL,"-4,0282777777778","-38,971527777778",2003,6,"64,0","16,0","0,0","0,0","0,0","9,0","5,0","0,0","0,0","0,0","2,0","0,0","6,0","0,0","0,0","0,0","13,0","4,0","0,0","0,0","0,0","0,0","9,0","0,0","0,0","0,0","0,0","0,0","0,0","0,0","0,0","0,0"
Maranguape,LAGOA DO JUVENAL,"-4,0282777777778","-38,971527777778",2003,7,"3,0","0,0","0,0","0,0","0,0","0,0","0,0","0,0","0,0","0,0","0,0","0,0","3,0","0,0","0,0","0,0","0,0","0,0","0,0","0,0","0,0","0,0","0,0","0,0","0,0","0,0","0,0","0,0","0,0","0,0","0,0","0,0"
Maranguape,LAGOA DO JUVENAL,"-4,0282777777778","-38,971527777778",2003,8,"0,0","0,0","0,0","0,0","0,0","0,0","0,0","0,0","0,0","0,0","0,0","0,0","0,0","0,0","0,0","0,0","0,0","0,0","0,0","0,0","0,0","0,0","0,0","0,0","0,0","0,0","0,0","0,0","0,0","0,0","0,0","0,0"
Maranguape,LAGOA DO JUVENAL,"-4,0282777777778","-38,971527777778",2003,9,"0,0","0,0","0,0","0,0","0,0","0,0","0,0","0,0","0,0","0,0","0,0","0,0","0,0","0,0","0,0","0,0","0,0","0,0","0,0","0,0","0,0","0,0","0,0","0,0","0,0","0,0","0,0","0,0","0,0","0,0","0,0","0,0"
Maranguape,LAGOA DO JUVENAL,"-4,0282777777778","-38,971527777778",2003,10,"0,0","0,0","0,0","0,0","0,0","0,0","0,0","0,0","0,0","0,0","0,0","0,0","0,0","0,0","0,0","0,0","0,0","0,0","0,0","0,0","0,0","0,0","0,0","0,0","0,0","0,0","0,0","0,0","0,0","0,0","0,0","0,0"
Maranguape,LAGOA DO JUVENAL,"-4,0282777777778","-38,971527777778",2003,11,"0,0","0,0","0,0","0,0","0,0","0,0","0,0","0,0","0,0","0,0","0,0","0,0","0,0","0,0","0,0","0,0","0,0","0,0","0,0","0,0","0,0","0,0","0,0","0,0","0,0","0,0","0,0","0,0","0,0","0,0","0,0","0,0"
Maranguape,LAGOA DO JUVENAL,"-4,0282777777778","-38,971527777778",2003,12,"22,0","0,0","0,0","0,0","0,0","0,0","0,0","0,0","0,0","0,0","0,0","0,0","0,0","0,0","0,0","22,0","0,0","0,0","0,0","0,0","0,0","0,0","0,0","0,0","0,0","0,0","0,0","0,0","0,0","0,0","0,0","0,0"
Maranguape,LAGOA DO JUVENAL,"-4,0282777777778","-38,971527777778",2004,1,"478,0","0,0","0,0","5,0","0,0","0,0","0,0","0,0","0,0","0,0","0,0","0,0","26,0","0,0","0,0","28,0","0,0","0,0","57,0","0,0","9,0","12,0","4,0","42,0","63,0","18,0","6,0","66,0","70,0","32,0","34,0","6,0"
Maranguape,LAGOA DO JUVENAL,"-4,0282777777778","-38,971527777778",2004,2,"247,5","12,0","0,0","0,0","12,0","3,0","33,0","14,0","6,5","34,0","5,0","0,0","0,0","17,0","30,0","0,0","14,0","11,0","0,0","0,0","0,0","20,0","3,0","0,0","8,0","2,0","0,0","6,0","0,0","17,0","0,0","0,0"
Maranguape,LAGOA DO JUVENAL,"-4,0282777777778","-38,971527777778",2004,3,"187,0","0,0","0,0","0,0","36,0","0,0","0,0","49,0","18,0","0,0","6,0","0,0","8,0","0,0","0,0","2,0","11,0","27,0","0,0","0,0","0,0","0,0","0,0","8,0","2,0","0,0","16,0","0,0","4,0","0,0","0,0","0,0"
Maranguape,LAGOA DO JUVENAL,"-4,0282777777778","-38,971527777778",2004,4,"100,0","0,0","0,0","0,0","0,0","8,0","0,0","0,0","4,0","10,0","0,0","0,0","0,0","0,0","0,0","0,0","0,0","0,0","0,0","4,0","12,0","0,0","0,0","9,0","0,0","3,0","50,0","0,0","0,0","0,0","0,0","0,0"
Maranguape,LAGOA DO JUVENAL,"-4,0282777777778","-38,971527777778",2004,5,"27,0","0,0","0,0","0,0","0,0","6,0","0,0","3,0","0,0","0,0","0,0","0,0","3,0","0,0","0,0","0,0","0,0","0,0","0,0","0,0","0,0","12,0","0,0","3,0","0,0","0,0","0,0","0,0","0,0","0,0","0,0","0,0"
Maranguape,LAGOA DO JUVENAL,"-4,0282777777778","-38,971527777778",2004,6,"80,0","0,0","0,0","0,0","0,0","0,0","0,0","0,0","9,0","0,0","5,0","0,0","0,0","0,0","0,0","0,0","0,0","0,0","6,0","25,0","0,0","8,0","0,0","0,0","0,0","0,0","0,0","0,0","23,0","4,0","0,0","0,0"
Maranguape,LAGOA DO JUVENAL,"-4,0282777777778","-38,971527777778",2004,7,"46,0","0,0","0,0","4,0","3,0","0,0","0,0","0,0","6,0","0,0","0,0","0,0","0,0","0,0","0,0","0,0","0,0","33,0","0,0","0,0","0,0","0,0","0,0","0,0","0,0","0,0","0,0","0,0","0,0","0,0","0,0","0,0"
Maranguape,LAGOA DO JUVENAL,"-4,0282777777778","-38,971527777778",2004,8,"6,0","0,0","0,0","0,0","0,0","0,0","0,0","0,0","0,0","6,0","0,0","0,0","0,0","0,0","0,0","0,0","0,0","0,0","0,0","0,0","0,0","0,0","0,0","0,0","0,0","0,0","0,0","0,0","0,0","0,0","0,0","0,0"
Maranguape,LAGOA DO JUVENAL,"-4,0282777777778","-38,971527777778",2004,9,"0,0","0,0","0,0","0,0","0,0","0,0","0,0","0,0","0,0","0,0","0,0","0,0","0,0","0,0","0,0","0,0","0,0","0,0","0,0","0,0","0,0","0,0","0,0","0,0","0,0","0,0","0,0","0,0","0,0","0,0","0,0","0,0"
Maranguape,LAGOA DO JUVENAL,"-4,0282777777778","-38,971527777778",2004,10,"0,0","0,0","0,0","0,0","0,0","0,0","0,0","0,0","0,0","0,0","0,0","0,0","0,0","0,0","0,0","0,0","0,0","0,0","0,0","0,0","0,0","0,0","0,0","0,0","0,0","0,0","0,0","0,0","0,0","0,0","0,0","0,0"
Maranguape,LAGOA DO JUVENAL,"-4,0282777777778","-38,971527777778",2004,11,"0,0","0,0","0,0","0,0","0,0","0,0","0,0","0,0","0,0","0,0","0,0","0,0","0,0","0,0","0,0","0,0","0,0","0,0","0,0","0,0","0,0","0,0","0,0","0,0","0,0","0,0","0,0","0,0","0,0","0,0","0,0","0,0"
Maranguape,LAGOA DO JUVENAL,"-4,0282777777778","-38,971527777778",2004,12,"0,0","0,0","0,0","0,0","0,0","0,0","0,0","0,0","0,0","0,0","0,0","0,0","0,0","0,0","0,0","0,0","0,0","0,0","0,0","0,0","0,0","0,0","0,0","0,0","0,0","0,0","0,0","0,0","0,0","0,0","0,0","0,0"
Maranguape,LAGOA DO JUVENAL,"-4,0282777777778","-38,971527777778",2005,1,"22,0","0,0","0,0","0,0","0,0","0,0","0,0","0,0","0,0","0,0","0,0","0,0","0,0","0,0","0,0","0,0","0,0","0,0","0,0","0,0","0,0","0,0","0,0","0,0","0,0","0,0","22,0","0,0","0,0","0,0","0,0","0,0"
Maranguape,LAGOA DO JUVENAL,"-4,0282777777778","-38,971527777778",2005,2,"52,2","0,0","0,0","0,0","0,0","0,0","0,0","3,2","0,0","0,0","0,0","0,0","0,0","0,0","0,0","0,0","46,0","0,0","0,0","0,0","0,0","0,0","0,0","0,0","0,0","0,0","0,0","3,0","0,0","0,0","0,0","0,0"
Maranguape,LAGOA DO JUVENAL,"-4,0282777777778","-38,971527777778",2005,3,"83,5","0,0","0,0","0,0","0,0","0,0","0,0","0,0","0,0","0,0","6,0","0,0","0,0","0,0","0,0","0,0","0,0","0,0","0,0","4,0","7,5","9,0","0,0","24,0","11,0","0,0","0,0","0,0","7,0","0,0","8,0","7,0"
Maranguape,LAGOA DO JUVENAL,"-4,0282777777778","-38,971527777778",2005,4,"183,0","4,0","4,0","0,0","0,0","8,0","0,0","0,0","0,0","12,0","4,0","43,0","32,0","4,0","31,0","2,0","11,0","0,0","2,0","9,0","0,0","0,0","0,0","0,0","0,0","0,0","0,0","3,0","0,0","0,0","14,0","0,0"
Maranguape,LAGOA DO JUVENAL,"-4,0282777777778","-38,971527777778",2005,5,"231,0","0,0","0,0","6,0","0,0","1,0","0,0","8,0","0,0","3,0","0,0","0,0","34,0","17,0","3,0","0,0","0,0","4,0","7,0","30,0","0,0","0,0","0,0","34,0","75,0","0,0","0,0","0,0","6,0","0,0","3,0","0,0"
Maranguape,LAGOA DO JUVENAL,"-4,0282777777778","-38,971527777778",2005,6,"75,0","12,0","4,0","0,0","3,0","0,0","0,0","0,0","0,0","13,0","0,0","0,0","0,0","4,0","0,0","10,0","0,0","0,0","0,0","15,0","0,0","0,0","0,0","0,0","9,0","0,0","0,0","5,0","0,0","0,0","0,0","0,0"
Maranguape,LAGOA DO JUVENAL,"-4,0282777777778","-38,971527777778",2005,7,"17,0","0,0","2,0","3,0","7,0","0,0","0,0","0,0","3,0","0,0","0,0","0,0","2,0","0,0","0,0","0,0","0,0","0,0","0,0","0,0","0,0","0,0","0,0","0,0","0,0","0,0","0,0","0,0","0,0","0,0","0,0","0,0"
Maranguape,LAGOA DO JUVENAL,"-4,0282777777778","-38,971527777778",2005,8,"0,0","0,0","0,0","0,0","0,0","0,0","0,0","0,0","0,0","0,0","0,0","0,0","0,0","0,0","0,0","0,0","0,0","0,0","0,0","0,0","0,0","0,0","0,0","0,0","0,0","0,0","0,0","0,0","0,0","0,0","0,0","0,0"
Maranguape,LAGOA DO JUVENAL,"-4,0282777777778","-38,971527777778",2005,9,"0,0","0,0","0,0","0,0","0,0","0,0","0,0","0,0","0,0","0,0","0,0","0,0","0,0","0,0","0,0","0,0","0,0","0,0","0,0","0,0","0,0","0,0","0,0","0,0","0,0","0,0","0,0","0,0","0,0","0,0","0,0","0,0"
Maranguape,LAGOA DO JUVENAL,"-4,0282777777778","-38,971527777778",2005,10,"0,0","0,0","0,0","0,0","0,0","0,0","0,0","0,0","0,0","0,0","0,0","0,0","0,0","0,0","0,0","0,0","0,0","0,0","0,0","0,0","0,0","0,0","0,0","0,0","0,0","0,0","0,0","0,0","0,0","0,0","0,0","0,0"
Maranguape,LAGOA DO JUVENAL,"-4,0282777777778","-38,971527777778",2005,11,"0,0","0,0","0,0","0,0","0,0","0,0","0,0","0,0","0,0","0,0","0,0","0,0","0,0","0,0","0,0","0,0","0,0","0,0","0,0","0,0","0,0","0,0","0,0","0,0","0,0","0,0","0,0","0,0","0,0","0,0","0,0","0,0"
Maranguape,LAGOA DO JUVENAL,"-4,0282777777778","-38,971527777778",2005,12,"0,0","0,0","0,0","0,0","0,0","0,0","0,0","0,0","0,0","0,0","0,0","0,0","0,0","0,0","0,0","0,0","0,0","0,0","0,0","0,0","0,0","0,0","0,0","0,0","0,0","0,0","0,0","0,0","0,0","0,0","0,0","0,0"
Maranguape,LAGOA DO JUVENAL,"-4,0282777777778","-38,971527777778",2006,1,"22,0","0,0","3,0","0,0","0,0","0,0","0,0","0,0","0,0","6,0","0,0","0,0","0,0","0,0","0,0","0,0","0,0","0,0","3,0","0,0","10,0","0,0","0,0","0,0","0,0","0,0","0,0","0,0","0,0","0,0","0,0","0,0"
Maranguape,LAGOA DO JUVENAL,"-4,0282777777778","-38,971527777778",2006,2,"82,0","0,0","0,0","0,0","6,0","0,0","0,0","0,0","0,0","0,0","0,0","0,0","7,0","0,0","0,0","28,0","0,0","11,0","0,0","2,0","3,0","4,0","0,0","0,0","0,0","0,0","16,0","3,0","2,0","0,0","0,0","0,0"
Maranguape,LAGOA DO JUVENAL,"-4,0282777777778","-38,971527777778",2006,3,"175,0","0,0","57,0","0,0","7,0","7,0","0,0","2,0","0,0","0,0","0,0","0,0","0,0","0,0","24,0","4,0","0,0","0,0","3,0","0,0","10,0","0,0","7,0","12,0","18,0","0,0","0,0","3,0","8,0","0,0","10,0","3,0"
Maranguape,LAGOA DO JUVENAL,"-4,0282777777778","-38,971527777778",2006,4,"232,0","3,0","3,0","0,0","0,0","3,0","0,0","0,0","32,0","15,0","10,0","26,0","3,0","0,0","35,0","4,0","7,0","12,0","0,0","6,0","11,0","19,0","15,0","0,0","3,0","14,0","0,0","0,0","0,0","3,0","8,0","0,0"
Maranguape,LAGOA DO JUVENAL,"-4,0282777777778","-38,971527777778",2006,5,"198,0","41,0","0,0","0,0","0,0","4,0","22,0","17,0","2,0","9,0","8,0","19,0","0,0","5,0","2,0","0,0","38,0","0,0","0,0","0,0","0,0","0,0","0,0","0,0","3,0","0,0","3,0","12,0","0,0","7,0","0,0","6,0"
Maranguape,LAGOA DO JUVENAL,"-4,0282777777778","-38,971527777778",2006,6,"55,0","0,0","0,0","0,0","0,0","0,0","0,0","0,0","0,0","0,0","0,0","11,0","3,0","9,0","0,0","0,0","4,0","4,0","14,0","0,0","0,0","0,0","0,0","0,0","3,0","0,0","0,0","3,0","2,0","2,0","0,0","0,0"
Maranguape,LAGOA DO JUVENAL,"-4,0282777777778","-38,971527777778",2006,7,"3,0","0,0","0,0","0,0","0,0","0,0","3,0","0,0","0,0","0,0","0,0","0,0","0,0","0,0","0,0","0,0","0,0","0,0","0,0","0,0","0,0","0,0","0,0","0,0","0,0","0,0","0,0","0,0","0,0","0,0","0,0","0,0"
Maranguape,LAGOA DO JUVENAL,"-4,0282777777778","-38,971527777778",2006,8,"6,0","0,0","0,0","0,0","0,0","0,0","0,0","0,0","0,0","0,0","0,0","0,0","0,0","3,0","0,0","0,0","0,0","3,0","0,0","0,0","0,0","0,0","0,0","0,0","0,0","0,0","0,0","0,0","0,0","0,0","0,0","0,0"
Maranguape,LAGOA DO JUVENAL,"-4,0282777777778","-38,971527777778",2006,9,"0,0","0,0","0,0","0,0","0,0","0,0","0,0","0,0","0,0","0,0","0,0","0,0","0,0","0,0","0,0","0,0","0,0","0,0","0,0","0,0","0,0","0,0","0,0","0,0","0,0","0,0","0,0","0,0","0,0","0,0","0,0","0,0"
Maranguape,LAGOA DO JUVENAL,"-4,0282777777778","-38,971527777778",2006,10,"0,0","0,0","0,0","0,0","0,0","0,0","0,0","0,0","0,0","0,0","0,0","0,0","0,0","0,0","0,0","0,0","0,0","0,0","0,0","0,0","0,0","0,0","0,0","0,0","0,0","0,0","0,0","0,0","0,0","0,0","0,0","0,0"
Maranguape,LAGOA DO JUVENAL,"-4,0282777777778","-38,971527777778",2006,11,"0,0","0,0","0,0","0,0","0,0","0,0","0,0","0,0","0,0","0,0","0,0","0,0","0,0","0,0","0,0","0,0","0,0","0,0","0,0","0,0","0,0","0,0","0,0","0,0","0,0","0,0","0,0","0,0","0,0","0,0","0,0","0,0"
Maranguape,LAGOA DO JUVENAL,"-4,0282777777778","-38,971527777778",2006,12,"8,5","0,0","0,0","0,0","0,0","0,0","0,0","0,0","0,0","0,0","0,0","0,0","0,0","0,0","0,0","0,0","0,0","0,0","0,0","0,0","0,0","0,0","0,0","0,0","0,0","0,0","8,5","0,0","0,0","0,0","0,0","0,0"
Maranguape,LAGOA DO JUVENAL,"-4,0282777777778","-38,971527777778",2007,1,"46,0","0,0","9,0","0,0","21,0","0,0","0,0","7,0","0,0","0,0","0,0","0,0","0,0","0,0","0,0","0,0","0,0","0,0","0,0","0,0","0,0","0,0","0,0","0,0","0,0","0,0","0,0","0,0","0,0","0,0","0,0","9,0"
Maranguape,LAGOA DO JUVENAL,"-4,0282777777778","-38,971527777778",2007,2,"148,0","0,0","0,0","0,0","4,0","0,0","0,0","0,0","0,0","0,0","0,0","0,0","0,0","4,0","14,0","12,0","0,0","8,0","0,0","0,0","44,0","0,0","0,0","47,0","9,0","0,0","0,0","0,0","6,0","0,0","0,0","0,0"
Maranguape,LAGOA DO JUVENAL,"-4,0282777777778","-38,971527777778",2007,3,"176,0","11,0","0,0","4,0","44,0","4,0","5,0","0,0","40,0","0,0","0,0","0,0","11,0","13,0","0,0","8,0","0,0","0,0","0,0","6,0","13,0","0,0","0,0","8,0","6,0","3,0","0,0","0,0","0,0","0,0","0,0","0,0"
Maranguape,LAGOA DO JUVENAL,"-4,0282777777778","-38,971527777778",2007,4,"161,0","3,0","7,0","0,0","0,0","0,0","6,0","0,0","0,0","0,0","30,0","16,0","0,0","0,0","0,0","0,0","0,0","9,0","50,0","0,0","0,0","7,0","0,0","0,0","8,0","14,0","4,0","0,0","5,0","0,0","2,0","0,0"
Maranguape,LAGOA DO JUVENAL,"-4,0282777777778","-38,971527777778",2007,5,"57,0","6,0","13,0","2,0","0,0","9,0","0,0","0,0","3,0","0,0","0,0","0,0","0,0","15,0","5,0","0,0","0,0","0,0","0,0","0,0","0,0","0,0","2,0","0,0","0,0","0,0","0,0","0,0","0,0","2,0","0,0","0,0"
Maranguape,LAGOA DO JUVENAL,"-4,0282777777778","-38,971527777778",2007,6,"111,0","0,0","0,0","5,0","0,0","0,0","13,0","0,0","0,0","72,0","0,0","0,0","0,0","0,0","11,0","0,0","0,0","0,0","5,0","0,0","0,0","0,0","0,0","0,0","0,0","0,0","0,0","0,0","5,0","0,0","0,0","0,0"
Maranguape,LAGOA DO JUVENAL,"-4,0282777777778","-38,971527777778",2007,7,"9,0","0,0","0,0","0,0","0,0","0,0","0,0","0,0","0,0","4,0","0,0","0,0","0,0","0,0","0,0","0,0","0,0","0,0","0,0","0,0","0,0","0,0","0,0","0,0","5,0","0,0","0,0","0,0","0,0","0,0","0,0","0,0"
Maranguape,LAGOA DO JUVENAL,"-4,0282777777778","-38,971527777778",2007,8,"7,0","7,0","0,0","0,0","0,0","0,0","0,0","0,0","0,0","0,0","0,0","0,0","0,0","0,0","0,0","0,0","0,0","0,0","0,0","0,0","0,0","0,0","0,0","0,0","0,0","0,0","0,0","0,0","0,0","0,0","0,0","0,0"
Maranguape,LAGOA DO JUVENAL,"-4,0282777777778","-38,971527777778",2007,9,"0,0","0,0","0,0","0,0","0,0","0,0","0,0","0,0","0,0","0,0","0,0","0,0","0,0","0,0","0,0","0,0","0,0","0,0","0,0","0,0","0,0","0,0","0,0","0,0","0,0","0,0","0,0","0,0","0,0","0,0","0,0","0,0"
Maranguape,LAGOA DO JUVENAL,"-4,0282777777778","-38,971527777778",2007,10,"0,0","0,0","0,0","0,0","0,0","0,0","0,0","0,0","0,0","0,0","0,0","0,0","0,0","0,0","0,0","0,0","0,0","0,0","0,0","0,0","0,0","0,0","0,0","0,0","0,0","0,0","0,0","0,0","0,0","0,0","0,0","0,0"
Maranguape,LAGOA DO JUVENAL,"-4,0282777777778","-38,971527777778",2007,11,"0,0","0,0","0,0","0,0","0,0","0,0","0,0","0,0","0,0","0,0","0,0","0,0","0,0","0,0","0,0","0,0","0,0","0,0","0,0","0,0","0,0","0,0","0,0","0,0","0,0","0,0","0,0","0,0","0,0","0,0","0,0","0,0"
Maranguape,LAGOA DO JUVENAL,"-4,0282777777778","-38,971527777778",2007,12,"79,0","0,0","0,0","0,0","0,0","0,0","0,0","0,0","0,0","0,0","0,0","0,0","0,0","9,0","999,0","0,0","0,0","0,0","0,0","0,0","0,0","0,0","0,0","0,0","0,0","0,0","0,0","62,0","8,0","0,0","0,0","0,0"
Maranguape,LAGOA DO JUVENAL,"-4,0282777777778","-38,971527777778",2008,1,"61,0","0,0","0,0","0,0","4,0","0,0","0,0","0,0","0,0","0,0","0,0","0,0","0,0","0,0","8,0","0,0","0,0","3,0","19,0","8,0","0,0","0,0","0,0","12,0","5,0","2,0","0,0","0,0","0,0","0,0","0,0","0,0"
Maranguape,LAGOA DO JUVENAL,"-4,0282777777778","-38,971527777778",2008,2,"18,0","3,0","0,0","0,0","0,0","0,0","0,0","0,0","0,0","0,0","0,0","0,0","8,0","0,0","0,0","0,0","0,0","3,0","0,0","0,0","0,0","0,0","0,0","0,0","0,0","0,0","0,0","4,0","999,0","0,0","0,0","0,0"
Maranguape,LAGOA DO JUVENAL,"-4,0282777777778","-38,971527777778",2008,3,"261,0","0,0","0,0","0,0","39,0","3,0","0,0","5,0","0,0","4,0","0,0","0,0","13,0","14,0","0,0","20,0","2,0","14,0","2,0","0,0","2,0","7,0","0,0","3,0","4,0","0,0","8,0","70,0","14,0","0,0","22,0","15,0"
Maranguape,LAGOA DO JUVENAL,"-4,0282777777778","-38,971527777778",2008,4,"269,0","67,0","9,0","8,0","0,0","16,0","8,0","0,0","10,0","8,0","2,0","3,0","8,0","0,0","5,0","10,0","0,0","20,0","7,0","16,0","0,0","3,0","14,0","5,0","7,0","0,0","21,0","0,0","0,0","16,0","6,0","0,0"
Maranguape,LAGOA DO JUVENAL,"-4,0282777777778","-38,971527777778",2008,5,"106,5","0,0","0,0","6,5","0,0","0,0","0,0","0,0","0,0","22,0","19,0","0,0","0,0","38,0","0,0","4,0","0,0","0,0","11,0","0,0","0,0","2,0","0,0","0,0","0,0","0,0","0,0","0,0","2,0","0,0","0,0","2,0"
Maranguape,LAGOA DO JUVENAL,"-4,0282777777778","-38,971527777778",2008,6,"53,0","0,0","0,0","0,0","0,0","2,0","33,0","0,0","7,0","5,0","0,0","0,0","0,0","0,0","0,0","0,0","0,0","0,0","6,0","0,0","0,0","0,0","0,0","0,0","0,0","0,0","0,0","0,0","0,0","0,0","0,0","0,0"
Maranguape,LAGOA DO JUVENAL,"-4,0282777777778","-38,971527777778",2008,7,"7,0","0,0","0,0","0,0","0,0","0,0","0,0","0,0","0,0","0,0","0,0","0,0","0,0","0,0","0,0","0,0","0,0","0,0","0,0","7,0","0,0","0,0","0,0","0,0","0,0","0,0","0,0","0,0","0,0","0,0","0,0","0,0"
Maranguape,LAGOA DO JUVENAL,"-4,0282777777778","-38,971527777778",2008,8,"29,0","0,0","0,0","0,0","0,0","0,0","0,0","0,0","0,0","26,0","0,0","0,0","3,0","0,0","0,0","0,0","0,0","0,0","0,0","0,0","0,0","0,0","0,0","0,0","0,0","0,0","0,0","0,0","0,0","0,0","0,0","0,0"
Maranguape,LAGOA DO JUVENAL,"-4,0282777777778","-38,971527777778",2008,9,"0,0","0,0","0,0","0,0","0,0","0,0","0,0","0,0","0,0","0,0","0,0","0,0","0,0","0,0","0,0","0,0","0,0","0,0","0,0","0,0","0,0","0,0","0,0","0,0","0,0","0,0","0,0","0,0","0,0","0,0","0,0","0,0"
Maranguape,LAGOA DO JUVENAL,"-4,0282777777778","-38,971527777778",2008,10,"0,0","0,0","0,0","0,0","0,0","0,0","0,0","0,0","0,0","0,0","0,0","0,0","0,0","0,0","0,0","0,0","0,0","0,0","0,0","0,0","0,0","0,0","0,0","0,0","0,0","0,0","0,0","0,0","0,0","0,0","0,0","0,0"
Maranguape,LAGOA DO JUVENAL,"-4,0282777777778","-38,971527777778",2008,11,"0,0","0,0","0,0","0,0","0,0","0,0","0,0","0,0","0,0","0,0","0,0","0,0","0,0","0,0","0,0","0,0","0,0","0,0","0,0","0,0","0,0","0,0","0,0","0,0","0,0","0,0","0,0","0,0","0,0","0,0","0,0","0,0"
Maranguape,LAGOA DO JUVENAL,"-4,0282777777778","-38,971527777778",2008,12,"3,0","0,0","0,0","0,0","0,0","0,0","0,0","0,0","3,0","0,0","0,0","0,0","0,0","0,0","0,0","0,0","0,0","0,0","0,0","0,0","0,0","0,0","0,0","0,0","0,0","0,0","0,0","0,0","0,0","0,0","0,0","0,0"
Maranguape,LAGOA DO JUVENAL,"-4,0282777777778","-38,971527777778",2009,1,"94,5","0,0","0,0","0,0","0,0","0,0","0,0","0,0","0,0","0,0","0,0","0,0","0,0","0,0","0,0","0,0","0,0","0,0","10,0","0,0","0,0","0,0","61,0","0,0","0,0","12,0","4,5","0,0","0,0","6,0","1,0","0,0"
Maranguape,LAGOA DO JUVENAL,"-4,0282777777778","-38,971527777778",2009,2,"193,0","0,0","5,0","0,0","0,0","0,0","0,0","0,0","0,0","0,0","0,0","0,0","4,0","0,0","5,0","21,0","0,0","10,0","3,0","5,0","0,0","27,0","22,0","46,0","22,0","7,0","15,0","0,0","1,0","0,0","0,0","0,0"
Maranguape,LAGOA DO JUVENAL,"-4,0282777777778","-38,971527777778",2009,3,"347,0","44,0","2,0","18,0","7,0","6,0","16,0","0,0","10,0","18,0","0,0","0,0","10,0","0,0","0,0","0,0","13,0","14,0","35,0","0,0","0,0","10,0","12,0","5,0","52,0","11,0","0,0","6,0","32,0","18,0","8,0","0,0"
Maranguape,LAGOA DO JUVENAL,"-4,0282777777778","-38,971527777778",2009,4,"314,0","5,0","2,0","0,0","5,0","5,0","0,0","8,0","8,0","10,0","23,0","54,0","26,0","29,0","5,0","0,0","3,0","15,0","2,0","0,0","45,0","0,0","18,0","17,0","0,0","0,0","3,0","0,0","20,0","5,0","6,0","0,0"
Maranguape,LAGOA DO JUVENAL,"-4,0282777777778","-38,971527777778",2009,5,"273,0","6,0","23,0","28,0","11,0","95,0","10,0","0,0","0,0","2,0","0,0","27,0","5,0","5,0","0,0","5,0","2,0","1,0","6,0","6,0","0,0","7,0","12,0","3,0","6,0","7,0","3,0","0,0","0,0","3,0","0,0","0,0"
Maranguape,LAGOA DO JUVENAL,"-4,0282777777778","-38,971527777778",2009,6,"89,0","0,0","0,0","21,0","3,0","3,0","0,0","0,0","0,0","0,0","0,0","4,0","0,0","0,0","0,0","12,0","0,0","0,0","0,0","2,0","0,0","0,0","0,0","11,0","7,0","24,0","0,0","0,0","2,0","0,0","0,0","0,0"
Maranguape,LAGOA DO JUVENAL,"-4,0282777777778","-38,971527777778",2009,7,"120,0","0,0","0,0","0,0","2,0","0,0","3,0","6,0","0,0","0,0","0,0","0,0","41,0","0,0","0,0","0,0","0,0","19,0","5,0","0,0","0,0","0,0","4,0","20,0","20,0","0,0","0,0","0,0","0,0","0,0","0,0","0,0"
Maranguape,LAGOA DO JUVENAL,"-4,0282777777778","-38,971527777778",2009,8,"120,0","0,0","0,0","0,0","2,0","0,0","3,0","6,0","0,0","0,0","0,0","0,0","41,0","0,0","0,0","0,0","0,0","19,0","5,0","0,0","0,0","0,0","4,0","20,0","20,0","0,0","0,0","0,0","0,0","0,0","0,0","0,0"
Maranguape,LAGOA DO JUVENAL,"-4,0282777777778","-38,971527777778",2009,9,"0,0","0,0","0,0","0,0","0,0","0,0","0,0","0,0","0,0","0,0","0,0","0,0","0,0","0,0","0,0","0,0","0,0","0,0","0,0","0,0","0,0","0,0","0,0","0,0","0,0","0,0","0,0","0,0","0,0","0,0","0,0","0,0"
Maranguape,LAGOA DO JUVENAL,"-4,0282777777778","-38,971527777778",2009,10,"0,0","0,0","0,0","0,0","0,0","0,0","0,0","0,0","0,0","0,0","0,0","0,0","0,0","0,0","0,0","0,0","0,0","0,0","0,0","0,0","0,0","0,0","0,0","0,0","0,0","0,0","0,0","0,0","0,0","0,0","0,0","0,0"
Maranguape,LAGOA DO JUVENAL,"-4,0282777777778","-38,971527777778",2009,11,"0,0","0,0","0,0","0,0","0,0","0,0","0,0","0,0","0,0","0,0","0,0","0,0","0,0","0,0","0,0","0,0","0,0","0,0","0,0","0,0","0,0","0,0","0,0","0,0","0,0","0,0","0,0","0,0","0,0","0,0","0,0","0,0"
Maranguape,LAGOA DO JUVENAL,"-4,0282777777778","-38,971527777778",2009,12,"5,0","0,0","0,0","0,0","0,0","0,0","0,0","0,0","0,0","0,0","0,0","0,0","0,0","0,0","0,0","0,0","0,0","0,0","5,0","0,0","0,0","0,0","0,0","0,0","0,0","0,0","0,0","0,0","0,0","0,0","0,0","0,0"
Maranguape,LAGOA DO JUVENAL,"-4,0282777777778","-38,971527777778",2010,1,"999,0","999,0","999,0","999,0","999,0","999,0","999,0","999,0","999,0","999,0","999,0","999,0","999,0","999,0","999,0","999,0","999,0","999,0","999,0","999,0","999,0","999,0","999,0","999,0","999,0","999,0","999,0","999,0","999,0","999,0","999,0","0,0"
Maranguape,LAGOA DO JUVENAL,"-4,0282777777778","-38,971527777778",2010,2,"999,0","999,0","999,0","999,0","999,0","999,0","999,0","999,0","999,0","999,0","999,0","999,0","999,0","999,0","999,0","999,0","999,0","999,0","999,0","999,0","999,0","999,0","999,0","999,0","999,0","999,0","999,0","999,0","0,0","0,0","0,0","0,0"
Maranguape,LAGOA DO JUVENAL,"-4,0282777777778","-38,971527777778",2010,3,"999,0","999,0","999,0","999,0","999,0","999,0","999,0","999,0","999,0","999,0","999,0","999,0","999,0","999,0","999,0","999,0","999,0","999,0","999,0","999,0","999,0","999,0","999,0","999,0","999,0","999,0","999,0","999,0","999,0","999,0","999,0","0,0"
Maranguape,LAGOA DO JUVENAL,"-4,0282777777778","-38,971527777778",2010,4,"37,0","999,0","999,0","999,0","999,0","999,0","999,0","999,0","999,0","999,0","999,0","999,0","999,0","999,0","999,0","999,0","999,0","999,0","999,0","999,0","999,0","999,0","0,0","13,0","0,0","24,0","0,0","0,0","0,0","0,0","0,0","0,0"
Maranguape,LAGOA DO JUVENAL,"-4,0282777777778","-38,971527777778",2010,5,"25,0","0,0","5,0","0,0","6,0","0,0","0,0","0,0","0,0","0,0","0,0","0,0","0,0","0,0","0,0","0,0","0,0","0,0","0,0","0,0","0,0","0,0","0,0","0,0","0,0","8,0","0,0","6,0","0,0","0,0","0,0","0,0"
Maranguape,LAGOA DO JUVENAL,"-4,0282777777778","-38,971527777778",2010,6,"15,0","7,0","0,0","0,0","0,0","8,0","0,0","0,0","0,0","0,0","0,0","0,0","0,0","0,0","0,0","0,0","0,0","0,0","0,0","0,0","0,0","0,0","0,0","0,0","0,0","0,0","0,0","0,0","0,0","0,0","0,0","0,0"
Maranguape,LAGOA DO JUVENAL,"-4,0282777777778","-38,971527777778",2010,7,"0,0","0,0","0,0","0,0","0,0","0,0","0,0","0,0","0,0","0,0","0,0","0,0","0,0","0,0","0,0","0,0","0,0","0,0","0,0","0,0","0,0","0,0","0,0","0,0","0,0","0,0","0,0","0,0","0,0","0,0","0,0","0,0"
Maranguape,LAGOA DO JUVENAL,"-4,0282777777778","-38,971527777778",2010,8,"0,0","0,0","0,0","0,0","0,0","0,0","0,0","0,0","0,0","0,0","0,0","0,0","0,0","0,0","0,0","0,0","0,0","0,0","0,0","0,0","0,0","0,0","0,0","0,0","0,0","0,0","0,0","0,0","0,0","0,0","0,0","0,0"
Maranguape,LAGOA DO JUVENAL,"-4,0282777777778","-38,971527777778",2010,9,"0,0","0,0","0,0","0,0","0,0","0,0","0,0","0,0","0,0","0,0","0,0","0,0","0,0","0,0","0,0","0,0","0,0","0,0","0,0","0,0","0,0","0,0","0,0","0,0","0,0","0,0","0,0","0,0","0,0","0,0","0,0","0,0"
Maranguape,LAGOA DO JUVENAL,"-4,0282777777778","-38,971527777778",2010,10,"0,0","0,0","0,0","0,0","0,0","0,0","0,0","0,0","0,0","0,0","0,0","0,0","0,0","0,0","0,0","0,0","0,0","0,0","0,0","0,0","0,0","0,0","0,0","0,0","0,0","0,0","0,0","0,0","0,0","0,0","0,0","0,0"
Maranguape,LAGOA DO JUVENAL,"-4,0282777777778","-38,971527777778",2010,11,"0,0","0,0","0,0","0,0","0,0","0,0","0,0","0,0","0,0","0,0","0,0","0,0","0,0","0,0","0,0","0,0","0,0","0,0","0,0","0,0","0,0","0,0","0,0","0,0","0,0","0,0","0,0","0,0","0,0","0,0","0,0","0,0"
Maranguape,LAGOA DO JUVENAL,"-4,0282777777778","-38,971527777778",2010,12,"0,0","0,0","0,0","0,0","0,0","0,0","0,0","0,0","0,0","0,0","0,0","0,0","0,0","0,0","0,0","0,0","0,0","0,0","0,0","0,0","0,0","0,0","0,0","0,0","0,0","0,0","0,0","0,0","0,0","0,0","0,0","0,0"
Maranguape,LAGOA DO JUVENAL,"-4,0282777777778","-38,971527777778",2011,1,"233,2","0,0","0,0","0,0","0,0","0,0","0,0","0,0","0,0","32,0","0,0","8,0","0,0","0,0","0,0","0,0","0,0","6,2","8,0","0,0","8,0","9,0","0,0","33,0","54,0","9,0","0,0","0,0","45,0","15,0","0,0","6,0"
Maranguape,LAGOA DO JUVENAL,"-4,0282777777778","-38,971527777778",2011,2,"261,0","0,0","0,0","0,0","0,0","0,0","0,0","0,0","0,0","4,0","0,0","0,0","42,0","15,0","0,0","0,0","9,0","0,0","0,0","28,0","0,0","0,0","0,0","0,0","0,0","85,0","44,0","34,0","0,0","0,0","0,0","0,0"
Maranguape,LAGOA DO JUVENAL,"-4,0282777777778","-38,971527777778",2011,3,"180,0","0,0","15,0","0,0","0,0","0,0","0,0","0,0","0,0","38,0","37,0","8,0","5,0","0,0","0,0","13,0","0,0","11,0","11,0","0,0","0,0","0,0","0,0","0,0","0,0","0,0","23,0","9,0","0,0","0,0","10,0","0,0"
Maranguape,LAGOA DO JUVENAL,"-4,0282777777778","-38,971527777778",2011,4,"149,0","10,0","0,0","5,0","0,0","20,0","5,0","0,0","0,0","0,0","11,0","4,0","5,0","0,0","6,0","0,0","19,0","10,0","0,0","0,0","0,0","0,0","0,0","5,0","0,0","14,0","0,0","0,0","8,0","4,0","23,0","0,0"
Maranguape,LAGOA DO JUVENAL,"-4,0282777777778","-38,971527777778",2011,5,"42,0","10,0","0,0","0,0","7,0","999,0","0,0","0,0","0,0","0,0","25,0","0,0","0,0","0,0","0,0","0,0","0,0","0,0","0,0","0,0","0,0","0,0","0,0","0,0","0,0","0,0","0,0","0,0","0,0","0,0","0,0","0,0"
Maranguape,LAGOA DO JUVENAL,"-4,0282777777778","-38,971527777778",2011,6,"42,0","0,0","0,0","0,0","17,0","0,0","0,0","0,0","0,0","0,0","0,0","0,0","0,0","0,0","0,0","0,0","0,0","0,0","0,0","0,0","0,0","0,0","0,0","0,0","11,0","0,0","0,0","0,0","0,0","14,0","0,0","0,0"
Maranguape,LAGOA DO JUVENAL,"-4,0282777777778","-38,971527777778",2011,7,"59,0","0,0","0,0","0,0","0,0","0,0","0,0","0,0","0,0","20,0","10,0","0,0","12,0","0,0","0,0","0,0","17,0","0,0","0,0","0,0","0,0","0,0","0,0","0,0","0,0","0,0","0,0","0,0","0,0","0,0","0,0","0,0"
Maranguape,LAGOA DO JUVENAL,"-4,0282777777778","-38,971527777778",2011,8,"0,0","0,0","0,0","0,0","0,0","0,0","0,0","0,0","0,0","0,0","0,0","0,0","0,0","0,0","0,0","0,0","0,0","0,0","0,0","0,0","0,0","0,0","0,0","0,0","0,0","0,0","0,0","0,0","0,0","0,0","0,0","0,0"
Maranguape,LAGOA DO JUVENAL,"-4,0282777777778","-38,971527777778",2011,9,"0,0","0,0","0,0","0,0","0,0","0,0","0,0","0,0","0,0","0,0","0,0","0,0","0,0","0,0","0,0","0,0","0,0","0,0","0,0","0,0","0,0","0,0","0,0","0,0","0,0","0,0","0,0","0,0","0,0","0,0","0,0","0,0"
Maranguape,LAGOA DO JUVENAL,"-4,0282777777778","-38,971527777778",2011,10,"31,0","0,0","0,0","0,0","0,0","0,0","0,0","0,0","0,0","0,0","0,0","0,0","0,0","0,0","0,0","0,0","0,0","0,0","0,0","0,0","31,0","0,0","0,0","0,0","0,0","0,0","0,0","0,0","0,0","0,0","0,0","0,0"
Maranguape,LAGOA DO JUVENAL,"-4,0282777777778","-38,971527777778",2011,11,"0,0","0,0","0,0","0,0","0,0","0,0","0,0","0,0","0,0","0,0","0,0","0,0","0,0","0,0","0,0","0,0","0,0","0,0","0,0","0,0","0,0","0,0","0,0","0,0","0,0","0,0","0,0","0,0","0,0","0,0","0,0","0,0"
Maranguape,LAGOA DO JUVENAL,"-4,0282777777778","-38,971527777778",2011,12,"0,0","0,0","0,0","0,0","0,0","0,0","0,0","0,0","0,0","0,0","0,0","0,0","0,0","0,0","0,0","0,0","0,0","0,0","0,0","0,0","0,0","0,0","0,0","0,0","0,0","0,0","0,0","0,0","0,0","0,0","0,0","0,0"
Maranguape,LAGOA DO JUVENAL,"-4,0282777777778","-38,971527777778",2012,1,"25,0","0,0","0,0","0,0","0,0","0,0","0,0","0,0","0,0","0,0","0,0","0,0","0,0","11,0","0,0","0,0","0,0","0,0","0,0","0,0","0,0","0,0","0,0","0,0","0,0","0,0","0,0","0,0","0,0","0,0","14,0","0,0"
Maranguape,LAGOA DO JUVENAL,"-4,0282777777778","-38,971527777778",2012,2,"164,0","0,0","0,0","0,0","0,0","0,0","0,0","0,0","0,0","0,0","0,0","0,0","0,0","0,0","0,0","0,0","20,0","0,0","58,0","0,0","0,0","18,0","0,0","0,0","10,0","0,0","25,0","8,0","25,0","0,0","0,0","0,0"
Maranguape,LAGOA DO JUVENAL,"-4,0282777777778","-38,971527777778",2012,3,"96,0","0,0","0,0","0,0","0,0","0,0","0,0","0,0","0,0","0,0","27,0","14,0","0,0","11,0","5,0","0,0","0,0","0,0","0,0","0,0","0,0","0,0","0,0","0,0","17,0","5,0","0,0","0,0","17,0","0,0","0,0","0,0"
Maranguape,LAGOA DO JUVENAL,"-4,0282777777778","-38,971527777778",2012,4,"79,0","0,0","0,0","0,0","0,0","11,0","0,0","0,0","19,0","0,0","0,0","0,0","0,0","0,0","0,0","5,0","20,0","7,0","0,0","0,0","0,0","7,0","5,0","5,0","0,0","0,0","0,0","0,0","0,0","0,0","0,0","0,0"
Maranguape,LAGOA DO JUVENAL,"-4,0282777777778","-38,971527777778",2012,5,"0,0","0,0","0,0","0,0","0,0","0,0","0,0","0,0","0,0","0,0","0,0","0,0","0,0","0,0","0,0","0,0","0,0","0,0","0,0","0,0","0,0","0,0","0,0","0,0","0,0","0,0","0,0","0,0","0,0","0,0","0,0","0,0"
Maranguape,LAGOA DO JUVENAL,"-4,0282777777778","-38,971527777778",2012,6,"0,0","0,0","0,0","0,0","0,0","0,0","0,0","0,0","0,0","0,0","0,0","0,0","0,0","0,0","0,0","0,0","0,0","0,0","0,0","0,0","0,0","0,0","0,0","0,0","0,0","0,0","0,0","0,0","0,0","0,0","0,0","0,0"
Maranguape,LAGOA DO JUVENAL,"-4,0282777777778","-38,971527777778",2012,7,"0,0","0,0","0,0","0,0","0,0","0,0","0,0","0,0","0,0","0,0","0,0","0,0","0,0","0,0","0,0","0,0","0,0","0,0","0,0","0,0","0,0","0,0","0,0","0,0","0,0","0,0","0,0","0,0","0,0","0,0","0,0","0,0"
Maranguape,LAGOA DO JUVENAL,"-4,0282777777778","-38,971527777778",2012,8,"0,0","0,0","0,0","0,0","0,0","0,0","0,0","0,0","0,0","0,0","0,0","0,0","0,0","0,0","0,0","0,0","0,0","0,0","0,0","0,0","0,0","0,0","0,0","0,0","0,0","0,0","0,0","0,0","0,0","0,0","0,0","0,0"
Maranguape,LAGOA DO JUVENAL,"-4,0282777777778","-38,971527777778",2012,9,"0,0","0,0","0,0","0,0","0,0","0,0","0,0","0,0","0,0","0,0","0,0","0,0","0,0","0,0","0,0","0,0","0,0","0,0","0,0","0,0","0,0","0,0","0,0","0,0","0,0","0,0","0,0","0,0","0,0","0,0","0,0","0,0"
Maranguape,LAGOA DO JUVENAL,"-4,0282777777778","-38,971527777778",2012,10,"0,0","0,0","0,0","0,0","0,0","0,0","0,0","0,0","0,0","0,0","0,0","0,0","0,0","0,0","0,0","0,0","0,0","0,0","0,0","0,0","0,0","0,0","0,0","0,0","0,0","0,0","0,0","0,0","0,0","0,0","0,0","0,0"
Maranguape,LAGOA DO JUVENAL,"-4,0282777777778","-38,971527777778",2012,11,"0,0","0,0","0,0","0,0","0,0","0,0","0,0","0,0","0,0","0,0","0,0","0,0","0,0","0,0","0,0","0,0","0,0","0,0","0,0","0,0","0,0","0,0","0,0","0,0","0,0","0,0","0,0","0,0","0,0","0,0","0,0","0,0"
Maranguape,LAGOA DO JUVENAL,"-4,0282777777778","-38,971527777778",2012,12,"0,0","0,0","0,0","0,0","0,0","0,0","0,0","0,0","0,0","0,0","0,0","0,0","0,0","0,0","0,0","0,0","0,0","0,0","0,0","0,0","0,0","0,0","0,0","0,0","0,0","0,0","0,0","0,0","0,0","0,0","0,0","0,0"
Maranguape,LAGOA DO JUVENAL,"-4,0282777777778","-38,971527777778",2013,1,"34,0","0,0","0,0","12,0","0,0","0,0","0,0","10,0","0,0","0,0","0,0","0,0","0,0","0,0","0,0","0,0","0,0","0,0","0,0","0,0","0,0","0,0","12,0","0,0","0,0","0,0","0,0","0,0","0,0","0,0","0,0","0,0"
Maranguape,LAGOA DO JUVENAL,"-4,0282777777778","-38,971527777778",2013,2,"50,0","0,0","0,0","0,0","0,0","0,0","0,0","0,0","0,0","0,0","0,0","0,0","0,0","0,0","0,0","15,0","17,0","12,0","0,0","6,0","0,0","0,0","0,0","0,0","0,0","0,0","0,0","0,0","0,0","0,0","0,0","0,0"
Maranguape,LAGOA DO JUVENAL,"-4,0282777777778","-38,971527777778",2013,3,"87,0","0,0","0,0","0,0","0,0","0,0","0,0","0,0","0,0","0,0","0,0","0,0","0,0","0,0","0,0","0,0","0,0","0,0","25,0","7,0","11,0","5,0","0,0","8,0","0,0","0,0","0,0","15,0","0,0","0,0","16,0","0,0"
Maranguape,LAGOA DO JUVENAL,"-4,0282777777778","-38,971527777778",2013,4,"134,0","0,0","0,0","0,0","0,0","27,0","0,0","0,0","0,0","11,0","0,0","0,0","0,0","0,0","0,0","0,0","0,0","0,0","0,0","0,0","37,0","0,0","0,0","14,0","8,0","0,0","0,0","37,0","0,0","0,0","0,0","0,0"
Maranguape,LAGOA DO JUVENAL,"-4,0282777777778","-38,971527777778",2013,5,"55,0","0,0","0,0","0,0","0,0","0,0","0,0","0,0","0,0","0,0","0,0","0,0","0,0","0,0","0,0","0,0","0,0","0,0","0,0","55,0","0,0","0,0","0,0","0,0","0,0","0,0","0,0","0,0","0,0","0,0","0,0","0,0"
Maranguape,LAGOA DO JUVENAL,"-4,0282777777778","-38,971527777778",2013,6,"68,0","0,0","0,0","0,0","0,0","0,0","0,0","0,0","0,0","0,0","0,0","0,0","0,0","12,0","0,0","0,0","0,0","0,0","0,0","0,0","0,0","27,0","15,0","0,0","0,0","0,0","0,0","0,0","0,0","0,0","14,0","0,0"
Maranguape,LAGOA DO JUVENAL,"-4,0282777777778","-38,971527777778",2013,7,"18,0","0,0","0,0","0,0","0,0","18,0","0,0","0,0","999,0","999,0","999,0","999,0","999,0","999,0","999,0","999,0","999,0","999,0","999,0","999,0","999,0","999,0","999,0","999,0","999,0","999,0","999,0","999,0","999,0","999,0","999,0","999,0"
Maranguape,LAGOA DO JUVENAL,"-4,0282777777778","-38,971527777778",2013,8,"999,0","999,0","999,0","999,0","999,0","999,0","999,0","999,0","999,0","999,0","999,0","999,0","999,0","999,0","999,0","999,0","999,0","999,0","999,0","999,0","999,0","999,0","999,0","999,0","999,0","999,0","999,0","999,0","999,0","999,0","999,0","0,0"
Maranguape,LAGOA DO JUVENAL,"-4,0282777777778","-38,971527777778",2013,9,"999,0","999,0","999,0","999,0","999,0","999,0","999,0","999,0","999,0","999,0","999,0","999,0","999,0","999,0","999,0","999,0","999,0","999,0","999,0","999,0","999,0","999,0","999,0","999,0","999,0","999,0","999,0","999,0","999,0","999,0","0,0","0,0"
Maranguape,LAGOA DO JUVENAL,"-4,0282777777778","-38,971527777778",2013,10,"999,0","999,0","999,0","999,0","999,0","999,0","999,0","999,0","999,0","999,0","999,0","999,0","999,0","999,0","999,0","999,0","999,0","999,0","999,0","999,0","999,0","999,0","999,0","999,0","999,0","999,0","999,0","999,0","999,0","999,0","999,0","0,0"
Maranguape,LAGOA DO JUVENAL,"-4,0282777777778","-38,971527777778",2013,11,"999,0","999,0","999,0","999,0","999,0","999,0","999,0","999,0","999,0","999,0","999,0","999,0","999,0","999,0","999,0","999,0","999,0","999,0","999,0","999,0","999,0","999,0","999,0","999,0","999,0","999,0","999,0","999,0","999,0","999,0","0,0","0,0"
Maranguape,LAGOA DO JUVENAL,"-4,0282777777778","-38,971527777778",2013,12,"999,0","999,0","999,0","999,0","999,0","999,0","999,0","999,0","999,0","999,0","999,0","999,0","999,0","999,0","999,0","999,0","999,0","999,0","999,0","999,0","999,0","999,0","999,0","999,0","999,0","999,0","999,0","999,0","999,0","999,0","999,0","0,0"
Maranguape,LAGOA DO JUVENAL,"-4,0282777777778","-38,971527777778",2014,1,"999,0","999,0","999,0","999,0","999,0","999,0","999,0","999,0","999,0","999,0","999,0","999,0","999,0","999,0","999,0","999,0","999,0","999,0","999,0","999,0","999,0","999,0","999,0","999,0","999,0","999,0","999,0","999,0","999,0","999,0","999,0","0,0"
Maranguape,LAGOA DO JUVENAL,"-4,0282777777778","-38,971527777778",2014,2,"999,0","999,0","999,0","999,0","999,0","999,0","999,0","999,0","999,0","999,0","999,0","999,0","999,0","999,0","999,0","999,0","999,0","999,0","999,0","999,0","999,0","999,0","999,0","999,0","999,0","999,0","999,0","999,0","0,0","0,0","0,0","0,0"
Maranguape,LAGOA DO JUVENAL,"-4,0282777777778","-38,971527777778",2014,3,"999,0","999,0","999,0","999,0","999,0","999,0","999,0","999,0","999,0","999,0","999,0","999,0","999,0","999,0","999,0","999,0","999,0","999,0","999,0","999,0","999,0","999,0","999,0","999,0","999,0","999,0","999,0","999,0","999,0","999,0","999,0","0,0"
Maranguape,LAGOA DO JUVENAL,"-4,0282777777778","-38,971527777778",2014,4,"999,0","999,0","999,0","999,0","999,0","999,0","999,0","999,0","999,0","999,0","999,0","999,0","999,0","999,0","999,0","999,0","999,0","999,0","999,0","999,0","999,0","999,0","999,0","999,0","999,0","999,0","999,0","999,0","999,0","999,0","0,0","0,0"
Maranguape,LAGOA DO JUVENAL,"-4,0282777777778","-38,971527777778",2014,5,"999,0","999,0","999,0","999,0","999,0","999,0","999,0","999,0","999,0","999,0","999,0","999,0","999,0","999,0","999,0","999,0","999,0","999,0","999,0","999,0","999,0","999,0","999,0","999,0","999,0","999,0","999,0","999,0","999,0","999,0","999,0","0,0"
Maranguape,LAGOA DO JUVENAL,"-4,0282777777778","-38,971527777778",2014,6,"999,0","999,0","999,0","999,0","999,0","999,0","999,0","999,0","999,0","999,0","999,0","999,0","999,0","999,0","999,0","999,0","999,0","999,0","999,0","999,0","999,0","999,0","999,0","999,0","999,0","999,0","999,0","999,0","999,0","999,0","0,0","0,0"
Maranguape,LAGOA DO JUVENAL,"-4,0282777777778","-38,971527777778",2014,7,"999,0","999,0","999,0","999,0","999,0","999,0","999,0","999,0","999,0","999,0","999,0","999,0","999,0","999,0","999,0","999,0","999,0","999,0","999,0","999,0","999,0","999,0","999,0","999,0","999,0","999,0","999,0","999,0","999,0","999,0","999,0","0,0"
Maranguape,LAGOA DO JUVENAL,"-4,0282777777778","-38,971527777778",2014,8,"999,0","999,0","999,0","999,0","999,0","999,0","999,0","999,0","999,0","999,0","999,0","999,0","999,0","999,0","999,0","999,0","999,0","999,0","999,0","999,0","999,0","999,0","999,0","999,0","999,0","999,0","999,0","999,0","999,0","999,0","999,0","0,0"
Maranguape,LAGOA DO JUVENAL,"-4,0282777777778","-38,971527777778",2014,9,"999,0","999,0","999,0","999,0","999,0","999,0","999,0","999,0","999,0","999,0","999,0","999,0","999,0","999,0","999,0","999,0","999,0","999,0","999,0","999,0","999,0","999,0","999,0","999,0","999,0","999,0","999,0","999,0","999,0","999,0","0,0","0,0"
Maranguape,LAGOA DO JUVENAL,"-4,0282777777778","-38,971527777778",2014,10,"999,0","999,0","999,0","999,0","999,0","999,0","999,0","999,0","999,0","999,0","999,0","999,0","999,0","999,0","999,0","999,0","999,0","999,0","999,0","999,0","999,0","999,0","999,0","999,0","999,0","999,0","999,0","999,0","999,0","999,0","999,0","0,0"
Maranguape,LAGOA DO JUVENAL,"-4,0282777777778","-38,971527777778",2014,11,"999,0","999,0","999,0","999,0","999,0","999,0","999,0","999,0","999,0","999,0","999,0","999,0","999,0","999,0","999,0","999,0","999,0","999,0","999,0","999,0","999,0","999,0","999,0","999,0","999,0","999,0","999,0","999,0","999,0","999,0","0,0","0,0"
Maranguape,LAGOA DO JUVENAL,"-4,0282777777778","-38,971527777778",2014,12,"999,0","999,0","999,0","999,0","999,0","999,0","999,0","999,0","999,0","999,0","999,0","999,0","999,0","999,0","999,0","999,0","999,0","999,0","999,0","999,0","999,0","999,0","999,0","999,0","999,0","999,0","999,0","999,0","999,0","999,0","999,0","0,0"
Maranguape,LAGOA DO JUVENAL,"-4,0282777777778","-38,971527777778",2015,1,"999,0","999,0","999,0","999,0","999,0","999,0","999,0","999,0","999,0","999,0","999,0","999,0","999,0","999,0","999,0","999,0","999,0","999,0","999,0","999,0","999,0","999,0","999,0","999,0","999,0","999,0","999,0","999,0","999,0","999,0","999,0","0,0"
Maranguape,LAGOA DO JUVENAL,"-4,0282777777778","-38,971527777778",2015,2,"999,0","999,0","999,0","999,0","999,0","999,0","999,0","999,0","999,0","999,0","999,0","999,0","999,0","999,0","999,0","999,0","999,0","999,0","999,0","999,0","999,0","999,0","999,0","999,0","999,0","999,0","999,0","999,0","0,0","0,0","0,0","0,0"
Maranguape,LAGOA DO JUVENAL,"-4,0282777777778","-38,971527777778",2015,3,"999,0","999,0","999,0","999,0","999,0","999,0","999,0","999,0","999,0","999,0","999,0","999,0","999,0","999,0","999,0","999,0","999,0","999,0","999,0","999,0","999,0","999,0","999,0","999,0","999,0","999,0","999,0","999,0","999,0","999,0","999,0","0,0"
Maranguape,LAGOA DO JUVENAL,"-4,0282777777778","-38,971527777778",2015,4,"999,0","999,0","999,0","999,0","999,0","999,0","999,0","999,0","999,0","999,0","999,0","999,0","999,0","999,0","999,0","999,0","999,0","999,0","999,0","999,0","999,0","999,0","999,0","999,0","999,0","999,0","999,0","999,0","999,0","999,0","0,0","0,0"
Maranguape,LAGOA DO JUVENAL,"-4,0282777777778","-38,971527777778",2015,5,"999,0","999,0","999,0","999,0","999,0","999,0","999,0","999,0","999,0","999,0","999,0","999,0","999,0","999,0","999,0","999,0","999,0","999,0","999,0","999,0","999,0","999,0","999,0","999,0","999,0","999,0","999,0","999,0","999,0","999,0","999,0","0,0"
Maranguape,LAGOA DO JUVENAL,"-4,0282777777778","-38,971527777778",2015,6,"999,0","999,0","999,0","999,0","999,0","999,0","999,0","999,0","999,0","999,0","999,0","999,0","999,0","999,0","999,0","999,0","999,0","999,0","999,0","999,0","999,0","999,0","999,0","999,0","999,0","999,0","999,0","999,0","999,0","999,0","0,0","0,0"
Maranguape,LAGOA DO JUVENAL,"-4,0282777777778","-38,971527777778",2015,7,"999,0","999,0","999,0","999,0","999,0","999,0","999,0","999,0","999,0","999,0","999,0","999,0","999,0","999,0","999,0","999,0","999,0","999,0","999,0","999,0","999,0","999,0","999,0","999,0","999,0","999,0","999,0","999,0","999,0","999,0","999,0","0,0"
Maranguape,LAGOA DO JUVENAL,"-4,0282777777778","-38,971527777778",2015,8,"999,0","999,0","999,0","999,0","999,0","999,0","999,0","999,0","999,0","999,0","999,0","999,0","999,0","999,0","999,0","999,0","999,0","999,0","999,0","999,0","999,0","999,0","999,0","999,0","999,0","999,0","999,0","999,0","999,0","999,0","999,0","0,0"
Maranguape,LAGOA DO JUVENAL,"-4,0282777777778","-38,971527777778",2015,9,"999,0","999,0","999,0","999,0","999,0","999,0","999,0","999,0","999,0","999,0","999,0","999,0","999,0","999,0","999,0","999,0","999,0","999,0","999,0","999,0","999,0","999,0","999,0","999,0","999,0","999,0","999,0","999,0","999,0","999,0","0,0","0,0"
Maranguape,LAGOA DO JUVENAL,"-4,0282777777778","-38,971527777778",2015,10,"999,0","999,0","999,0","999,0","999,0","999,0","999,0","999,0","999,0","999,0","999,0","999,0","999,0","999,0","999,0","999,0","999,0","999,0","999,0","999,0","999,0","999,0","999,0","999,0","999,0","999,0","999,0","999,0","999,0","999,0","999,0","0,0"
Maranguape,LAGOA DO JUVENAL,"-4,0282777777778","-38,971527777778",2015,11,"999,0","999,0","999,0","999,0","999,0","999,0","999,0","999,0","999,0","999,0","999,0","999,0","999,0","999,0","999,0","999,0","999,0","999,0","999,0","999,0","999,0","999,0","999,0","999,0","999,0","999,0","999,0","999,0","999,0","999,0","0,0","0,0"
Maranguape,LAGOA DO JUVENAL,"-4,0282777777778","-38,971527777778",2015,12,"999,0","999,0","999,0","999,0","999,0","999,0","999,0","999,0","999,0","999,0","999,0","999,0","999,0","999,0","999,0","999,0","999,0","999,0","999,0","999,0","999,0","999,0","999,0","999,0","999,0","999,0","999,0","999,0","999,0","999,0","999,0","0,0"
Maranguape,LAGOA DO JUVENAL,"-4,0282777777778","-38,971527777778",2016,1,"999,0","999,0","999,0","999,0","999,0","999,0","999,0","999,0","999,0","999,0","999,0","999,0","999,0","999,0","999,0","999,0","999,0","999,0","999,0","999,0","999,0","999,0","999,0","999,0","999,0","999,0","999,0","999,0","999,0","999,0","999,0","0,0"
Maranguape,LAGOA DO JUVENAL,"-4,0282777777778","-38,971527777778",2016,2,"999,0","999,0","999,0","999,0","999,0","999,0","999,0","999,0","999,0","999,0","999,0","999,0","999,0","999,0","999,0","999,0","999,0","999,0","999,0","999,0","999,0","999,0","999,0","999,0","999,0","999,0","999,0","999,0","0,0","0,0","0,0","0,0"
Maranguape,LAGOA DO JUVENAL,"-4,0282777777778","-38,971527777778",2016,3,"999,0","999,0","999,0","999,0","999,0","999,0","999,0","999,0","999,0","999,0","999,0","999,0","999,0","999,0","999,0","999,0","999,0","999,0","999,0","999,0","999,0","999,0","999,0","999,0","999,0","999,0","999,0","999,0","999,0","999,0","999,0","0,0"
Maranguape,LAGOA DO JUVENAL,"-4,0282777777778","-38,971527777778",2016,4,"999,0","999,0","999,0","999,0","999,0","999,0","999,0","999,0","999,0","999,0","999,0","999,0","999,0","999,0","999,0","999,0","999,0","999,0","999,0","999,0","999,0","999,0","999,0","999,0","999,0","999,0","999,0","999,0","999,0","999,0","0,0","0,0"
Maranguape,LAGOA DO JUVENAL,"-4,0282777777778","-38,971527777778",2016,5,"999,0","999,0","999,0","999,0","999,0","999,0","999,0","999,0","999,0","999,0","999,0","999,0","999,0","999,0","999,0","999,0","999,0","999,0","999,0","999,0","999,0","999,0","999,0","999,0","999,0","999,0","999,0","999,0","999,0","999,0","999,0","0,0"
Maranguape,LAGOA DO JUVENAL,"-4,0282777777778","-38,971527777778",2016,6,"999,0","999,0","999,0","999,0","999,0","999,0","999,0","999,0","999,0","999,0","999,0","999,0","999,0","999,0","999,0","999,0","999,0","999,0","999,0","999,0","999,0","999,0","999,0","999,0","999,0","999,0","999,0","999,0","999,0","999,0","0,0","0,0"
Maranguape,LAGOA DO JUVENAL,"-4,0282777777778","-38,971527777778",2016,7,"999,0","999,0","999,0","999,0","999,0","999,0","999,0","999,0","999,0","999,0","999,0","999,0","999,0","999,0","999,0","999,0","999,0","999,0","999,0","999,0","999,0","999,0","999,0","999,0","999,0","999,0","999,0","999,0","999,0","999,0","999,0","0,0"
Maranguape,LAGOA DO JUVENAL,"-4,0282777777778","-38,971527777778",2016,8,"999,0","999,0","999,0","999,0","999,0","999,0","999,0","999,0","999,0","999,0","999,0","999,0","999,0","999,0","999,0","999,0","999,0","999,0","999,0","999,0","999,0","999,0","999,0","999,0","999,0","999,0","999,0","999,0","999,0","999,0","999,0","0,0"
Maranguape,LAGOA DO JUVENAL,"-4,0282777777778","-38,971527777778",2016,9,"999,0","999,0","999,0","999,0","999,0","999,0","999,0","999,0","999,0","999,0","999,0","999,0","999,0","999,0","999,0","999,0","999,0","999,0","999,0","999,0","999,0","999,0","999,0","999,0","999,0","999,0","999,0","999,0","999,0","999,0","0,0","0,0"
Maranguape,LAGOA DO JUVENAL,"-4,0282777777778","-38,971527777778",2016,10,"999,0","999,0","999,0","999,0","999,0","999,0","999,0","999,0","999,0","999,0","999,0","999,0","999,0","999,0","999,0","999,0","999,0","999,0","999,0","999,0","999,0","999,0","999,0","999,0","999,0","999,0","999,0","999,0","999,0","999,0","999,0","0,0"
Maranguape,LAGOA DO JUVENAL,"-4,0282777777778","-38,971527777778",2016,11,"999,0","999,0","999,0","999,0","999,0","999,0","999,0","999,0","999,0","999,0","999,0","999,0","999,0","999,0","999,0","999,0","999,0","999,0","999,0","999,0","999,0","999,0","999,0","999,0","999,0","999,0","999,0","999,0","999,0","999,0","0,0","0,0"
Maranguape,LAGOA DO JUVENAL,"-4,0282777777778","-38,971527777778",2016,12,"999,0","999,0","999,0","999,0","999,0","999,0","999,0","999,0","999,0","999,0","999,0","999,0","999,0","999,0","999,0","999,0","999,0","999,0","999,0","999,0","999,0","999,0","999,0","999,0","999,0","999,0","999,0","999,0","999,0","999,0","999,0","0,0"
Maranguape,LAGOA DO JUVENAL,"-4,0282777777778","-38,971527777778",2017,1,"999,0","999,0","999,0","999,0","999,0","999,0","999,0","999,0","999,0","999,0","999,0","999,0","999,0","999,0","999,0","999,0","999,0","999,0","999,0","999,0","999,0","999,0","999,0","999,0","999,0","999,0","999,0","999,0","999,0","999,0","999,0","0,0"
Maranguape,LAGOA DO JUVENAL,"-4,0282777777778","-38,971527777778",2017,2,"999,0","999,0","999,0","999,0","999,0","999,0","999,0","999,0","999,0","999,0","999,0","999,0","999,0","999,0","999,0","999,0","999,0","999,0","999,0","999,0","999,0","999,0","999,0","999,0","999,0","999,0","999,0","999,0","0,0","0,0","0,0","0,0"
Maranguape,LAGOA DO JUVENAL,"-4,0282777777778","-38,971527777778",2017,3,"999,0","999,0","999,0","999,0","999,0","999,0","999,0","999,0","999,0","999,0","999,0","999,0","999,0","999,0","999,0","999,0","999,0","999,0","999,0","999,0","999,0","999,0","999,0","999,0","999,0","999,0","999,0","999,0","999,0","999,0","999,0","0,0"
Maranguape,LAGOA DO JUVENAL,"-4,0282777777778","-38,971527777778",2017,4,"999,0","999,0","999,0","999,0","999,0","999,0","999,0","999,0","999,0","999,0","999,0","999,0","999,0","999,0","999,0","999,0","999,0","999,0","999,0","999,0","999,0","999,0","999,0","999,0","999,0","999,0","999,0","999,0","999,0","999,0","0,0","0,0"
Maranguape,LAGOA DO JUVENAL,"-4,0282777777778","-38,971527777778",2017,5,"999,0","999,0","999,0","999,0","999,0","999,0","999,0","999,0","999,0","999,0","999,0","999,0","999,0","999,0","999,0","999,0","999,0","999,0","999,0","999,0","999,0","999,0","999,0","999,0","999,0","999,0","999,0","999,0","999,0","999,0","999,0","0,0"
Maranguape,LAGOA DO JUVENAL,"-4,0282777777778","-38,971527777778",2017,6,"999,0","999,0","999,0","999,0","999,0","999,0","999,0","999,0","999,0","999,0","999,0","999,0","999,0","999,0","999,0","999,0","999,0","999,0","999,0","999,0","999,0","999,0","999,0","999,0","999,0","999,0","999,0","999,0","999,0","999,0","0,0","0,0"
Maranguape,LAGOA DO JUVENAL,"-4,0282777777778","-38,971527777778",2017,7,"999,0","999,0","999,0","999,0","999,0","999,0","999,0","999,0","999,0","999,0","999,0","999,0","999,0","999,0","999,0","999,0","999,0","999,0","999,0","999,0","999,0","999,0","999,0","999,0","999,0","999,0","999,0","999,0","999,0","999,0","999,0","0,0"
Maranguape,LAGOA DO JUVENAL,"-4,0282777777778","-38,971527777778",2017,8,"999,0","999,0","999,0","999,0","999,0","999,0","999,0","999,0","999,0","999,0","999,0","999,0","999,0","999,0","999,0","999,0","999,0","999,0","999,0","999,0","999,0","999,0","999,0","999,0","999,0","999,0","999,0","999,0","999,0","999,0","999,0","0,0"
Maranguape,LAGOA DO JUVENAL,"-4,0282777777778","-38,971527777778",2017,9,"999,0","999,0","999,0","999,0","999,0","999,0","999,0","999,0","999,0","999,0","999,0","999,0","999,0","999,0","999,0","999,0","999,0","999,0","999,0","999,0","999,0","999,0","999,0","999,0","999,0","999,0","999,0","999,0","999,0","999,0","0,0","0,0"
Maranguape,LAGOA DO JUVENAL,"-4,0282777777778","-38,971527777778",2017,10,"999,0","999,0","999,0","999,0","999,0","999,0","999,0","999,0","999,0","999,0","999,0","999,0","999,0","999,0","999,0","999,0","999,0","999,0","999,0","999,0","999,0","999,0","999,0","999,0","999,0","999,0","999,0","999,0","999,0","999,0","999,0","0,0"
Maranguape,LAGOA DO JUVENAL,"-4,0282777777778","-38,971527777778",2017,11,"999,0","999,0","999,0","999,0","999,0","999,0","999,0","999,0","999,0","999,0","999,0","999,0","999,0","999,0","999,0","999,0","999,0","999,0","999,0","999,0","999,0","999,0","999,0","999,0","999,0","999,0","999,0","999,0","999,0","999,0","0,0","0,0"
Maranguape,LAGOA DO JUVENAL,"-4,0282777777778","-38,971527777778",2017,12,"999,0","999,0","999,0","999,0","999,0","999,0","999,0","999,0","999,0","999,0","999,0","999,0","999,0","999,0","999,0","999,0","999,0","999,0","999,0","999,0","999,0","999,0","999,0","999,0","999,0","999,0","999,0","999,0","999,0","999,0","999,0","0,0"
Maranguape,LAGOA DO JUVENAL,"-4,0282777777778","-38,971527777778",2018,1,"999,0","999,0","999,0","999,0","999,0","999,0","999,0","999,0","999,0","999,0","999,0","999,0","999,0","999,0","999,0","999,0","999,0","999,0","999,0","999,0","999,0","999,0","999,0","999,0","999,0","999,0","999,0","999,0","999,0","999,0","999,0","0,0"
Maranguape,LAGOA DO JUVENAL,"-4,0282777777778","-38,971527777778",2018,2,"999,0","999,0","999,0","999,0","999,0","999,0","999,0","999,0","999,0","999,0","999,0","999,0","999,0","999,0","999,0","999,0","999,0","999,0","999,0","999,0","999,0","999,0","999,0","999,0","999,0","999,0","999,0","999,0","0,0","0,0","0,0","0,0"
Maranguape,LAGOA DO JUVENAL,"-4,0282777777778","-38,971527777778",2018,3,"999,0","999,0","999,0","999,0","999,0","999,0","999,0","999,0","999,0","999,0","999,0","999,0","999,0","999,0","999,0","999,0","999,0","999,0","999,0","999,0","999,0","999,0","999,0","999,0","999,0","999,0","999,0","999,0","999,0","999,0","999,0","0,0"
Maranguape,LAGOA DO JUVENAL,"-4,0282777777778","-38,971527777778",2018,4,"999,0","999,0","999,0","999,0","999,0","999,0","999,0","999,0","999,0","999,0","999,0","999,0","999,0","999,0","999,0","999,0","999,0","999,0","999,0","999,0","999,0","999,0","999,0","999,0","999,0","999,0","999,0","999,0","999,0","999,0","0,0","0,0"
Maranguape,LAGOA DO JUVENAL,"-4,0282777777778","-38,971527777778",2018,5,"999,0","999,0","999,0","999,0","999,0","999,0","999,0","999,0","999,0","999,0","999,0","999,0","999,0","999,0","999,0","999,0","999,0","999,0","999,0","999,0","999,0","999,0","999,0","999,0","999,0","999,0","999,0","999,0","999,0","999,0","999,0","0,0"
Maranguape,LAGOA DO JUVENAL,"-4,0282777777778","-38,971527777778",2018,6,"999,0","999,0","999,0","999,0","999,0","999,0","999,0","999,0","999,0","999,0","999,0","999,0","999,0","999,0","999,0","999,0","999,0","999,0","999,0","999,0","999,0","999,0","999,0","999,0","999,0","999,0","999,0","999,0","999,0","999,0","0,0","0,0"
Maranguape,LAGOA DO JUVENAL,"-4,0282777777778","-38,971527777778",2018,7,"999,0","999,0","999,0","999,0","999,0","999,0","999,0","999,0","999,0","999,0","999,0","999,0","999,0","999,0","999,0","999,0","999,0","999,0","999,0","999,0","999,0","999,0","999,0","999,0","999,0","999,0","999,0","999,0","999,0","999,0","999,0","0,0"
Maranguape,LAGOA DO JUVENAL,"-4,0282777777778","-38,971527777778",2018,8,"999,0","999,0","999,0","999,0","999,0","999,0","999,0","999,0","999,0","999,0","999,0","999,0","999,0","999,0","999,0","999,0","999,0","999,0","999,0","999,0","999,0","999,0","999,0","999,0","999,0","999,0","999,0","999,0","999,0","999,0","999,0","0,0"
Maranguape,LAGOA DO JUVENAL,"-4,0282777777778","-38,971527777778",2018,9,"999,0","999,0","999,0","999,0","999,0","999,0","999,0","999,0","999,0","999,0","999,0","999,0","999,0","999,0","999,0","999,0","999,0","999,0","999,0","999,0","999,0","999,0","999,0","999,0","999,0","999,0","999,0","999,0","999,0","999,0","0,0","0,0"
Maranguape,LAGOA DO JUVENAL,"-4,0282777777778","-38,971527777778",2018,10,"999,0","999,0","999,0","999,0","999,0","999,0","999,0","999,0","999,0","999,0","999,0","999,0","999,0","999,0","999,0","999,0","999,0","999,0","999,0","999,0","999,0","999,0","999,0","999,0","999,0","999,0","999,0","999,0","999,0","999,0","999,0","0,0"
Maranguape,LAGOA DO JUVENAL,"-4,0282777777778","-38,971527777778",2018,11,"999,0","999,0","999,0","999,0","999,0","999,0","999,0","999,0","999,0","999,0","999,0","999,0","999,0","999,0","999,0","999,0","999,0","999,0","999,0","999,0","999,0","999,0","999,0","999,0","999,0","999,0","999,0","999,0","999,0","999,0","0,0","0,0"
Maranguape,LAGOA DO JUVENAL,"-4,0282777777778","-38,971527777778",2018,12,"999,0","999,0","999,0","999,0","999,0","999,0","999,0","999,0","999,0","999,0","999,0","999,0","999,0","999,0","999,0","999,0","999,0","999,0","999,0","999,0","999,0","999,0","999,0","999,0","999,0","999,0","999,0","999,0","999,0","999,0","999,0","0,0"
Maranguape,LAGOA DO JUVENAL,"-4,0282777777778","-38,971527777778",2019,1,"999,0","999,0","999,0","999,0","999,0","999,0","999,0","999,0","999,0","999,0","999,0","999,0","999,0","999,0","999,0","999,0","999,0","999,0","999,0","999,0","999,0","999,0","999,0","999,0","999,0","999,0","999,0","999,0","999,0","999,0","999,0","0,0"
Maranguape,LAGOA DO JUVENAL,"-4,0282777777778","-38,971527777778",2019,2,"999,0","999,0","999,0","999,0","999,0","999,0","999,0","999,0","999,0","999,0","999,0","999,0","999,0","999,0","999,0","999,0","999,0","999,0","999,0","999,0","999,0","999,0","999,0","999,0","999,0","999,0","999,0","999,0","0,0","0,0","0,0","0,0"
Maranguape,LAGOA DO JUVENAL,"-4,0282777777778","-38,971527777778",2019,3,"999,0","999,0","999,0","999,0","999,0","999,0","999,0","999,0","999,0","999,0","999,0","999,0","999,0","999,0","999,0","999,0","999,0","999,0","999,0","999,0","999,0","999,0","999,0","999,0","999,0","999,0","999,0","999,0","999,0","999,0","999,0","0,0"
Maranguape,LAGOA DO JUVENAL,"-4,0282777777778","-38,971527777778",2019,4,"999,0","999,0","999,0","999,0","999,0","999,0","999,0","999,0","999,0","999,0","999,0","999,0","999,0","999,0","999,0","999,0","999,0","999,0","999,0","999,0","999,0","999,0","999,0","999,0","999,0","999,0","999,0","999,0","999,0","999,0","0,0","0,0"
Maranguape,LAGOA DO JUVENAL,"-4,0282777777778","-38,971527777778",2019,5,"999,0","999,0","999,0","999,0","999,0","999,0","999,0","999,0","999,0","999,0","999,0","999,0","999,0","999,0","999,0","999,0","999,0","999,0","999,0","999,0","999,0","999,0","999,0","999,0","999,0","999,0","999,0","999,0","999,0","999,0","999,0","0,0"
Maranguape,LAGOA DO JUVENAL,"-4,0282777777778","-38,971527777778",2019,6,"999,0","999,0","999,0","999,0","999,0","999,0","999,0","999,0","999,0","999,0","999,0","999,0","999,0","999,0","999,0","999,0","999,0","999,0","999,0","999,0","999,0","999,0","999,0","999,0","999,0","999,0","999,0","999,0","999,0","999,0","0,0","0,0"
Maranguape,LAGOA DO JUVENAL,"-4,0282777777778","-38,971527777778",2019,7,"999,0","999,0","999,0","999,0","999,0","999,0","999,0","999,0","999,0","999,0","999,0","999,0","999,0","999,0","999,0","999,0","999,0","999,0","999,0","999,0","999,0","999,0","999,0","999,0","999,0","999,0","999,0","999,0","999,0","999,0","999,0","0,0"
Maranguape,LAGOA DO JUVENAL,"-4,0282777777778","-38,971527777778",2019,8,"999,0","999,0","999,0","999,0","999,0","999,0","999,0","999,0","999,0","999,0","999,0","999,0","999,0","999,0","999,0","999,0","999,0","999,0","999,0","999,0","999,0","999,0","999,0","999,0","999,0","999,0","999,0","999,0","999,0","999,0","999,0","0,0"
Maranguape,LAGOA DO JUVENAL,"-4,0282777777778","-38,971527777778",2019,9,"999,0","999,0","999,0","999,0","999,0","999,0","999,0","999,0","999,0","999,0","999,0","999,0","999,0","999,0","999,0","999,0","999,0","999,0","999,0","999,0","999,0","999,0","999,0","999,0","999,0","999,0","999,0","999,0","999,0","999,0","0,0","0,0"
Maranguape,LAGOA DO JUVENAL,"-4,0282777777778","-38,971527777778",2019,10,"999,0","999,0","999,0","999,0","999,0","999,0","999,0","999,0","999,0","999,0","999,0","999,0","999,0","999,0","999,0","999,0","999,0","999,0","999,0","999,0","999,0","999,0","999,0","999,0","999,0","999,0","999,0","999,0","999,0","999,0","999,0","0,0"
Maranguape,LAGOA DO JUVENAL,"-4,0282777777778","-38,971527777778",2019,11,"999,0","999,0","999,0","999,0","999,0","999,0","999,0","999,0","999,0","999,0","999,0","999,0","999,0","999,0","999,0","999,0","999,0","999,0","999,0","999,0","999,0","999,0","999,0","999,0","999,0","999,0","999,0","999,0","999,0","999,0","0,0","0,0"
Maranguape,LAGOA DO JUVENAL,"-4,0282777777778","-38,971527777778",2019,12,"999,0","999,0","999,0","999,0","999,0","999,0","999,0","999,0","999,0","999,0","999,0","999,0","999,0","999,0","999,0","999,0","999,0","999,0","999,0","999,0","999,0","999,0","999,0","999,0","999,0","999,0","999,0","999,0","999,0","999,0","999,0","0,0"
Maranguape,LAGOA DO JUVENAL,"-4,0282777777778","-38,971527777778",2020,1,"999,0","999,0","999,0","999,0","999,0","999,0","999,0","999,0","999,0","999,0","999,0","999,0","999,0","999,0","999,0","999,0","999,0","999,0","999,0","999,0","999,0","999,0","999,0","999,0","999,0","999,0","999,0","999,0","999,0","999,0","999,0","0,0"
Maranguape,LAGOA DO JUVENAL,"-4,0282777777778","-38,971527777778",2020,2,"999,0","999,0","999,0","999,0","999,0","999,0","999,0","999,0","999,0","999,0","999,0","999,0","999,0","999,0","999,0","999,0","999,0","999,0","999,0","999,0","999,0","999,0","999,0","999,0","999,0","999,0","999,0","999,0","0,0","0,0","0,0","0,0"
Maranguape,LAGOA DO JUVENAL,"-4,0282777777778","-38,971527777778",2020,3,"999,0","999,0","999,0","999,0","999,0","999,0","999,0","999,0","999,0","999,0","999,0","999,0","999,0","999,0","999,0","999,0","999,0","999,0","999,0","999,0","999,0","999,0","999,0","999,0","999,0","999,0","999,0","999,0","999,0","999,0","999,0","0,0"
Maranguape,LAGOA DO JUVENAL,"-4,0282777777778","-38,971527777778",2020,4,"999,0","999,0","999,0","999,0","999,0","999,0","999,0","999,0","999,0","999,0","999,0","999,0","999,0","999,0","999,0","999,0","999,0","999,0","999,0","999,0","999,0","999,0","999,0","999,0","999,0","999,0","999,0","999,0","999,0","999,0","0,0","0,0"
Maranguape,LAGOA DO JUVENAL,"-4,0282777777778","-38,971527777778",2020,5,"999,0","999,0","999,0","999,0","999,0","999,0","999,0","999,0","999,0","999,0","999,0","999,0","999,0","999,0","999,0","999,0","999,0","999,0","999,0","999,0","999,0","999,0","999,0","999,0","999,0","999,0","999,0","999,0","999,0","999,0","999,0","0,0"
Maranguape,LAGOA DO JUVENAL,"-4,0282777777778","-38,971527777778",2020,6,"999,0","999,0","999,0","999,0","999,0","999,0","999,0","999,0","999,0","999,0","999,0","999,0","999,0","999,0","999,0","999,0","999,0","999,0","999,0","999,0","999,0","999,0","999,0","999,0","999,0","999,0","999,0","999,0","999,0","999,0","0,0","0,0"
Maranguape,LAGOA DO JUVENAL,"-4,0282777777778","-38,971527777778",2020,7,"999,0","999,0","999,0","999,0","999,0","999,0","999,0","999,0","999,0","999,0","999,0","999,0","999,0","999,0","999,0","999,0","999,0","999,0","999,0","999,0","999,0","999,0","999,0","999,0","999,0","999,0","999,0","999,0","999,0","999,0","999,0","0,0"
Maranguape,LAGOA DO JUVENAL,"-4,0282777777778","-38,971527777778",2020,8,"999,0","999,0","999,0","999,0","999,0","999,0","999,0","999,0","999,0","999,0","999,0","999,0","999,0","999,0","999,0","999,0","999,0","999,0","999,0","999,0","999,0","999,0","999,0","999,0","999,0","999,0","999,0","999,0","999,0","999,0","999,0","0,0"
Maranguape,LAGOA DO JUVENAL,"-4,0282777777778","-38,971527777778",2020,9,"999,0","999,0","999,0","999,0","999,0","999,0","999,0","999,0","999,0","999,0","999,0","999,0","999,0","999,0","999,0","999,0","999,0","999,0","999,0","999,0","999,0","999,0","999,0","999,0","999,0","999,0","999,0","999,0","999,0","999,0","0,0","0,0"
Maranguape,LAGOA DO JUVENAL,"-4,0282777777778","-38,971527777778",2020,10,"999,0","999,0","999,0","999,0","999,0","999,0","999,0","999,0","999,0","999,0","999,0","999,0","999,0","999,0","999,0","999,0","999,0","999,0","999,0","999,0","999,0","999,0","999,0","999,0","999,0","999,0","999,0","999,0","999,0","999,0","999,0","0,0"
Maranguape,LAGOA DO JUVENAL,"-4,0282777777778","-38,971527777778",2020,11,"999,0","999,0","999,0","999,0","999,0","999,0","999,0","999,0","999,0","999,0","999,0","999,0","999,0","999,0","999,0","999,0","999,0","999,0","999,0","999,0","999,0","999,0","999,0","999,0","999,0","999,0","999,0","999,0","999,0","999,0","0,0","0,0"
Maranguape,LAGOA DO JUVENAL,"-4,0282777777778","-38,971527777778",2020,12,"999,0","999,0","999,0","999,0","999,0","999,0","999,0","999,0","999,0","999,0","999,0","999,0","999,0","999,0","999,0","999,0","999,0","999,0","999,0","999,0","999,0","999,0","999,0","999,0","999,0","999,0","999,0","999,0","999,0","999,0","999,0","0,0"
Maranguape,LAGOA DO JUVENAL,"-4,0282777777778","-38,971527777778",2021,1,"999,0","999,0","999,0","999,0","999,0","999,0","999,0","999,0","999,0","999,0","999,0","999,0","999,0","999,0","999,0","999,0","999,0","999,0","999,0","999,0","999,0","999,0","999,0","999,0","999,0","999,0","999,0","999,0","999,0","999,0","999,0","0,0"
Maranguape,LAGOA DO JUVENAL,"-4,0282777777778","-38,971527777778",2021,2,"999,0","999,0","999,0","999,0","999,0","999,0","999,0","999,0","999,0","999,0","999,0","999,0","999,0","999,0","999,0","999,0","999,0","999,0","999,0","999,0","999,0","999,0","999,0","999,0","999,0","999,0","999,0","999,0","0,0","0,0","0,0","0,0"
Maranguape,LAGOA DO JUVENAL,"-4,0282777777778","-38,971527777778",2021,3,"999,0","999,0","999,0","999,0","999,0","999,0","999,0","999,0","999,0","999,0","999,0","999,0","999,0","999,0","999,0","999,0","999,0","999,0","999,0","999,0","999,0","999,0","999,0","999,0","999,0","999,0","999,0","999,0","999,0","999,0","999,0","0,0"
Maranguape,LAGOA DO JUVENAL,"-4,0282777777778","-38,971527777778",2021,4,"999,0","999,0","999,0","999,0","999,0","999,0","999,0","999,0","999,0","999,0","999,0","999,0","999,0","999,0","999,0","999,0","999,0","999,0","999,0","999,0","999,0","999,0","999,0","999,0","999,0","999,0","999,0","999,0","999,0","999,0","0,0","0,0"
Maranguape,LAGOA DO JUVENAL,"-4,0282777777778","-38,971527777778",2021,5,"999,0","999,0","999,0","999,0","999,0","999,0","999,0","999,0","999,0","999,0","999,0","999,0","999,0","999,0","999,0","999,0","999,0","999,0","999,0","999,0","999,0","999,0","999,0","999,0","999,0","999,0","999,0","999,0","999,0","999,0","999,0","0,0"
Maranguape,LAGOA DO JUVENAL,"-4,0282777777778","-38,971527777778",2021,6,"999,0","999,0","999,0","999,0","999,0","999,0","999,0","999,0","999,0","999,0","999,0","999,0","999,0","999,0","999,0","999,0","999,0","999,0","999,0","999,0","999,0","999,0","999,0","999,0","999,0","999,0","999,0","999,0","999,0","999,0","0,0","0,0"
Maranguape,LAGOA DO JUVENAL,"-4,0282777777778","-38,971527777778",2021,7,"999,0","999,0","999,0","999,0","999,0","999,0","999,0","999,0","999,0","999,0","999,0","999,0","999,0","999,0","999,0","999,0","999,0","999,0","999,0","999,0","999,0","999,0","999,0","999,0","999,0","999,0","999,0","999,0","999,0","999,0","999,0","0,0"
Maranguape,LAGOA DO JUVENAL,"-4,0282777777778","-38,971527777778",2021,8,"999,0","999,0","999,0","999,0","999,0","999,0","999,0","999,0","999,0","999,0","999,0","999,0","999,0","999,0","999,0","999,0","999,0","999,0","999,0","999,0","999,0","999,0","999,0","999,0","999,0","999,0","999,0","999,0","999,0","999,0","999,0","0,0"
Maranguape,LAGOA DO JUVENAL,"-4,0282777777778","-38,971527777778",2021,9,"999,0","999,0","999,0","999,0","999,0","999,0","999,0","999,0","999,0","999,0","999,0","999,0","999,0","999,0","999,0","999,0","999,0","999,0","999,0","999,0","999,0","999,0","999,0","999,0","999,0","999,0","999,0","999,0","999,0","999,0","0,0","0,0"
Maranguape,LAGOA DO JUVENAL,"-4,0282777777778","-38,971527777778",2021,10,"999,0","999,0","999,0","999,0","999,0","999,0","999,0","999,0","999,0","999,0","999,0","999,0","999,0","999,0","999,0","999,0","999,0","999,0","999,0","999,0","999,0","999,0","999,0","999,0","999,0","999,0","999,0","999,0","999,0","999,0","999,0","0,0"
Maranguape,LAGOA DO JUVENAL,"-4,0282777777778","-38,971527777778",2021,11,"999,0","999,0","999,0","999,0","999,0","999,0","999,0","999,0","999,0","999,0","999,0","999,0","999,0","999,0","999,0","999,0","999,0","999,0","999,0","999,0","999,0","999,0","999,0","999,0","999,0","999,0","999,0","999,0","999,0","999,0","0,0","0,0"
Maranguape,LAGOA DO JUVENAL,"-4,0282777777778","-38,971527777778",2021,12,"999,0","999,0","999,0","999,0","999,0","999,0","999,0","999,0","999,0","999,0","999,0","999,0","999,0","999,0","999,0","999,0","999,0","999,0","999,0","999,0","999,0","999,0","999,0","999,0","999,0","999,0","999,0","999,0","999,0","999,0","999,0","0,0"
Maranguape,LAGOA DO JUVENAL,"-4,0282777777778","-38,971527777778",2022,1,"999,0","999,0","999,0","999,0","999,0","999,0","999,0","999,0","999,0","999,0","999,0","999,0","999,0","999,0","999,0","999,0","999,0","999,0","999,0","999,0","999,0","999,0","999,0","999,0","999,0","999,0","999,0","999,0","999,0","999,0","999,0","0,0"
Maranguape,LAGOA DO JUVENAL,"-4,0282777777778","-38,971527777778",2022,2,"999,0","999,0","999,0","999,0","999,0","999,0","999,0","999,0","999,0","999,0","999,0","999,0","999,0","999,0","999,0","999,0","999,0","999,0","999,0","999,0","999,0","999,0","999,0","999,0","999,0","999,0","999,0","999,0","0,0","0,0","0,0","0,0"
Maranguape,LAGOA DO JUVENAL,"-4,0282777777778","-38,971527777778",2022,3,"999,0","999,0","999,0","999,0","999,0","999,0","999,0","999,0","999,0","999,0","999,0","999,0","999,0","999,0","999,0","999,0","999,0","999,0","999,0","999,0","999,0","999,0","999,0","999,0","999,0","999,0","999,0","999,0","999,0","999,0","999,0","0,0"
Maranguape,LAGOA DO JUVENAL,"-4,0282777777778","-38,971527777778",2022,4,"999,0","999,0","999,0","999,0","999,0","999,0","999,0","999,0","999,0","999,0","999,0","999,0","999,0","999,0","999,0","999,0","999,0","999,0","999,0","999,0","999,0","999,0","999,0","999,0","999,0","999,0","999,0","999,0","999,0","999,0","0,0","0,0"
Maranguape,LAGOA DO JUVENAL,"-4,0282777777778","-38,971527777778",2022,5,"999,0","999,0","999,0","999,0","999,0","999,0","999,0","999,0","999,0","999,0","999,0","999,0","999,0","999,0","999,0","999,0","999,0","999,0","999,0","999,0","999,0","999,0","999,0","999,0","999,0","999,0","999,0","999,0","999,0","999,0","999,0","0,0"
Maranguape,LAGOA DO JUVENAL,"-4,0282777777778","-38,971527777778",2022,6,"999,0","999,0","999,0","999,0","999,0","999,0","999,0","999,0","999,0","999,0","999,0","999,0","999,0","999,0","999,0","999,0","999,0","999,0","999,0","999,0","999,0","999,0","999,0","999,0","999,0","999,0","999,0","999,0","999,0","999,0","0,0","0,0"
Maranguape,LAGOA DO JUVENAL,"-4,0282777777778","-38,971527777778",2022,7,"999,0","999,0","999,0","999,0","999,0","999,0","999,0","999,0","999,0","999,0","999,0","999,0","999,0","999,0","999,0","999,0","999,0","999,0","999,0","999,0","999,0","999,0","999,0","999,0","999,0","999,0","999,0","999,0","999,0","999,0","999,0","0,0"
Maranguape,LAGOA DO JUVENAL,"-4,0282777777778","-38,971527777778",2022,8,"999,0","999,0","999,0","999,0","999,0","999,0","999,0","999,0","999,0","999,0","999,0","999,0","999,0","999,0","999,0","999,0","999,0","999,0","999,0","999,0","999,0","999,0","999,0","999,0","999,0","999,0","999,0","999,0","999,0","999,0","999,0","0,0"
Maranguape,LAGOA DO JUVENAL,"-4,0282777777778","-38,971527777778",2022,9,"999,0","999,0","999,0","999,0","999,0","999,0","999,0","999,0","999,0","999,0","999,0","999,0","999,0","999,0","999,0","999,0","999,0","999,0","999,0","999,0","999,0","999,0","999,0","999,0","999,0","999,0","999,0","999,0","999,0","999,0","0,0","0,0"
Maranguape,LAGOA DO JUVENAL,"-4,0282777777778","-38,971527777778",2022,10,"999,0","999,0","999,0","999,0","999,0","999,0","999,0","999,0","999,0","999,0","999,0","999,0","999,0","999,0","999,0","999,0","999,0","999,0","999,0","999,0","999,0","999,0","999,0","999,0","999,0","999,0","999,0","999,0","999,0","999,0","999,0","0,0"
Maranguape,LAGOA DO JUVENAL,"-4,0282777777778","-38,971527777778",2022,11,"999,0","999,0","999,0","999,0","999,0","999,0","999,0","999,0","999,0","999,0","999,0","999,0","999,0","999,0","999,0","999,0","999,0","999,0","999,0","999,0","999,0","999,0","999,0","999,0","999,0","999,0","999,0","999,0","999,0","999,0","0,0","0,0"
Maranguape,LAGOA DO JUVENAL,"-4,0282777777778","-38,971527777778",2022,12,"999,0","999,0","999,0","999,0","999,0","999,0","999,0","999,0","999,0","999,0","999,0","999,0","999,0","999,0","999,0","999,0","999,0","999,0","999,0","999,0","999,0","999,0","999,0","999,0","999,0","999,0","999,0","999,0","999,0","999,0","999,0","0,0"
Maranguape,LAGOA DO JUVENAL,"-4,0282777777778","-38,971527777778",2023,1,"999,0","999,0","999,0","999,0","999,0","999,0","999,0","999,0","999,0","999,0","999,0","999,0","999,0","999,0","999,0","999,0","999,0","999,0","999,0","999,0","999,0","999,0","999,0","999,0","999,0","999,0","999,0","999,0","999,0","999,0","999,0","0,0"
Maranguape,LAGOA DO JUVENAL,"-4,0282777777778","-38,971527777778",2023,2,"999,0","999,0","999,0","999,0","999,0","999,0","999,0","999,0","999,0","999,0","999,0","999,0","999,0","999,0","999,0","999,0","999,0","999,0","999,0","999,0","999,0","999,0","999,0","999,0","999,0","999,0","999,0","999,0","0,0","0,0","0,0","0,0"
Maranguape,LAGOA DO JUVENAL,"-4,0282777777778","-38,971527777778",2023,3,"999,0","999,0","999,0","999,0","999,0","999,0","999,0","999,0","999,0","999,0","999,0","999,0","999,0","999,0","999,0","999,0","999,0","999,0","999,0","999,0","999,0","999,0","999,0","999,0","999,0","999,0","999,0","999,0","999,0","999,0","999,0","0,0"
Maranguape,LAGOA DO JUVENAL,"-4,0282777777778","-38,971527777778",2023,4,"999,0","999,0","999,0","999,0","999,0","999,0","999,0","999,0","999,0","999,0","999,0","999,0","999,0","999,0","999,0","999,0","999,0","999,0","999,0","999,0","999,0","999,0","999,0","999,0","999,0","999,0","999,0","999,0","999,0","999,0","0,0","0,0"
Maranguape,LAGOA DO JUVENAL,"-4,0282777777778","-38,971527777778",2023,5,"999,0","999,0","999,0","999,0","999,0","999,0","999,0","999,0","999,0","999,0","999,0","999,0","999,0","999,0","999,0","999,0","999,0","999,0","999,0","999,0","999,0","999,0","999,0","999,0","999,0","999,0","999,0","999,0","999,0","999,0","999,0","0,0"
Maranguape,LAGOA DO JUVENAL,"-4,0282777777778","-38,971527777778",2023,6,"999,0","999,0","999,0","999,0","999,0","999,0","999,0","999,0","999,0","999,0","999,0","999,0","999,0","999,0","999,0","999,0","999,0","999,0","999,0","999,0","999,0","999,0","999,0","999,0","999,0","999,0","999,0","999,0","999,0","999,0","0,0","0,0"
Maranguape,LAGOA DO JUVENAL,"-4,0282777777778","-38,971527777778",2023,7,"999,0","999,0","999,0","999,0","999,0","999,0","999,0","999,0","999,0","999,0","999,0","999,0","999,0","999,0","999,0","999,0","999,0","999,0","999,0","999,0","999,0","999,0","999,0","999,0","999,0","999,0","999,0","999,0","999,0","999,0","999,0","0,0"
Maranguape,LAGOA DO JUVENAL,"-4,0282777777778","-38,971527777778",2023,8,"999,0","999,0","999,0","999,0","999,0","999,0","999,0","999,0","999,0","999,0","999,0","999,0","999,0","999,0","999,0","999,0","999,0","999,0","999,0","999,0","999,0","999,0","999,0","999,0","999,0","999,0","999,0","999,0","999,0","999,0","999,0","0,0"
Maranguape,LAGOA DO JUVENAL,"-4,0282777777778","-38,971527777778",2023,9,"999,0","999,0","999,0","999,0","999,0","999,0","999,0","999,0","999,0","999,0","999,0","999,0","999,0","999,0","999,0","999,0","999,0","999,0","999,0","999,0","999,0","999,0","999,0","999,0","999,0","999,0","999,0","999,0","999,0","999,0","0,0","0,0"
Maranguape,LAGOA DO JUVENAL,"-4,0282777777778","-38,971527777778",2023,10,"999,0","999,0","999,0","999,0","999,0","999,0","999,0","999,0","999,0","999,0","999,0","999,0","999,0","999,0","999,0","999,0","999,0","999,0","999,0","999,0","999,0","999,0","999,0","999,0","999,0","999,0","999,0","999,0","999,0","999,0","999,0","0,0"
Maranguape,LAGOA DO JUVENAL,"-4,0282777777778","-38,971527777778",2023,11,"999,0","999,0","999,0","999,0","999,0","999,0","999,0","999,0","999,0","999,0","999,0","999,0","999,0","999,0","999,0","999,0","999,0","999,0","999,0","999,0","999,0","999,0","999,0","999,0","999,0","999,0","999,0","999,0","999,0","999,0","0,0","0,0"
Maranguape,LAGOA DO JUVENAL,"-4,0282777777778","-38,971527777778",2023,12,"999,0","999,0","999,0","999,0","999,0","999,0","999,0","999,0","999,0","999,0","999,0","999,0","999,0","999,0","999,0","999,0","999,0","999,0","999,0","999,0","999,0","999,0","999,0","999,0","999,0","999,0","999,0","999,0","999,0","999,0","999,0","0,0"
