Municipios,Postos,Latitude,Longitude,Anos,Meses,Total,Dia1,Dia2,Dia3,Dia4,Dia5,Dia6,Dia7,Dia8,Dia9,Dia10,Dia11,Dia12,Dia13,Dia14,Dia15,Dia16,Dia17,Dia18,Dia19,Dia20,Dia21,Dia22,Dia23,Dia24,Dia25,Dia26,Dia27,Dia28,Dia29,Dia30,Dia31
Itaitinga,PACO MUNICIPAL,"-3,9750833333333","-38,518833333333",2017,1,"91,0","0,0","0,0","0,0","0,0","0,0","0,0","0,0","0,0","0,0","0,0","30,0","0,0","0,0","0,0","0,0","0,0","0,0","0,0","2,0","47,5","0,0","1,0","0,0","0,0","0,0","4,0","6,5","0,0","0,0","0,0","0,0"
Itaitinga,PACO MUNICIPAL,"-3,9750833333333","-38,518833333333",2017,2,"216,5","0,0","0,0","0,0","0,0","0,0","0,0","0,0","0,0","0,0","0,0","122,0","0,0","0,0","5,5","0,0","0,0","16,0","12,0","20,0","2,0","1,0","0,0","0,0","0,0","0,0","0,0","38,0","0,0","0,0","0,0","0,0"
Itaitinga,PACO MUNICIPAL,"-3,9750833333333","-38,518833333333",2017,3,"423,0","21,0","35,0","91,0","0,0","26,0","0,0","0,0","16,0","8,0","0,0","14,0","0,0","0,0","2,0","0,0","2,0","28,0","0,0","0,0","0,0","0,0","54,0","25,0","36,0","9,0","12,0","0,0","21,0","0,0","10,0","13,0"
Itaitinga,PACO MUNICIPAL,"-3,9750833333333","-38,518833333333",2017,4,"198,0","16,0","8,0","2,0","0,0","52,0","11,0","0,0","0,0","0,0","0,0","37,0","11,0","13,0","4,0","0,0","0,0","0,0","0,0","0,0","10,0","13,0","3,0","0,0","0,0","0,0","0,0","0,0","0,0","18,0","0,0","0,0"
Itaitinga,PACO MUNICIPAL,"-3,9750833333333","-38,518833333333",2017,5,"138,5","0,0","0,0","0,0","0,0","0,0","0,0","0,0","0,0","11,0","0,0","0,0","0,0","0,0","0,0","0,0","0,0","0,0","0,0","0,0","7,0","0,0","0,0","0,0","0,0","0,0","2,0","26,0","28,0","12,0","51,0","1,5"
Itaitinga,PACO MUNICIPAL,"-3,9750833333333","-38,518833333333",2017,6,"58,0","0,0","0,0","0,0","0,0","0,0","0,0","0,0","0,0","0,0","0,0","0,0","39,0","0,0","0,0","0,0","12,0","0,0","0,0","0,0","0,0","0,0","0,0","0,0","0,0","0,0","0,0","0,0","0,0","0,0","7,0","0,0"
Itaitinga,PACO MUNICIPAL,"-3,9750833333333","-38,518833333333",2017,7,"86,0","0,0","0,0","49,0","0,0","0,0","0,0","0,0","0,0","0,0","0,0","0,0","0,0","0,0","0,0","0,0","0,0","0,0","0,0","0,0","0,0","37,0","0,0","0,0","0,0","0,0","0,0","0,0","0,0","0,0","0,0","0,0"
Itaitinga,PACO MUNICIPAL,"-3,9750833333333","-38,518833333333",2017,8,"0,0","0,0","0,0","0,0","0,0","0,0","0,0","0,0","0,0","0,0","0,0","0,0","0,0","0,0","0,0","0,0","0,0","0,0","0,0","0,0","0,0","0,0","0,0","0,0","0,0","0,0","0,0","0,0","0,0","0,0","0,0","0,0"
Itaitinga,PACO MUNICIPAL,"-3,9750833333333","-38,518833333333",2017,9,"0,0","0,0","0,0","0,0","0,0","0,0","0,0","0,0","0,0","0,0","0,0","0,0","0,0","0,0","0,0","0,0","0,0","0,0","0,0","0,0","0,0","0,0","0,0","0,0","0,0","0,0","0,0","0,0","0,0","0,0","0,0","0,0"
Itaitinga,PACO MUNICIPAL,"-3,9750833333333","-38,518833333333",2017,10,"0,0","0,0","0,0","0,0","0,0","0,0","0,0","0,0","0,0","0,0","0,0","0,0","0,0","0,0","0,0","0,0","0,0","0,0","0,0","0,0","0,0","0,0","0,0","0,0","0,0","0,0","0,0","0,0","0,0","0,0","0,0","0,0"
Itaitinga,PACO MUNICIPAL,"-3,9750833333333","-38,518833333333",2017,11,"0,0","0,0","0,0","0,0","0,0","0,0","0,0","0,0","0,0","0,0","0,0","0,0","0,0","0,0","0,0","0,0","0,0","0,0","0,0","0,0","0,0","0,0","0,0","0,0","0,0","0,0","0,0","0,0","0,0","0,0","0,0","0,0"
Itaitinga,PACO MUNICIPAL,"-3,9750833333333","-38,518833333333",2017,12,"35,5","0,0","0,0","0,0","0,0","0,0","0,0","0,0","0,0","0,0","0,0","0,0","0,0","0,0","0,0","0,0","0,0","0,0","0,0","0,0","0,0","0,0","35,5","0,0","0,0","0,0","0,0","0,0","0,0","0,0","0,0","0,0"
Itaitinga,PACO MUNICIPAL,"-3,9750833333333","-38,518833333333",2018,1,"91,6","1,1","0,0","0,0","0,0","0,0","0,0","0,0","0,0","6,0","5,0","0,0","0,0","7,0","4,0","1,0","0,0","0,0","8,0","0,0","5,0","0,0","0,0","4,5","0,0","4,0","0,0","19,0","24,0","3,0","0,0","0,0"
Itaitinga,PACO MUNICIPAL,"-3,9750833333333","-38,518833333333",2018,2,"313,5","0,0","0,0","0,0","0,0","31,0","5,0","15,5","2,0","1,0","0,0","8,0","36,0","1,5","2,5","82,0","0,0","32,0","0,0","0,0","0,0","0,0","22,5","8,0","64,0","0,0","2,0","0,5","0,0","0,0","0,0","0,0"
Itaitinga,PACO MUNICIPAL,"-3,9750833333333","-38,518833333333",2018,3,"119,0","8,0","14,0","0,0","0,0","0,0","0,0","0,0","0,0","0,0","30,0","10,0","0,0","0,0","9,0","0,0","0,0","0,0","0,0","0,0","0,0","0,0","17,0","0,0","0,0","0,0","0,0","3,0","18,0","7,0","3,0","0,0"
Itaitinga,PACO MUNICIPAL,"-3,9750833333333","-38,518833333333",2018,4,"235,0","5,0","4,0","4,0","0,0","0,0","9,0","0,0","20,0","4,0","0,0","3,0","45,0","2,0","0,0","0,0","54,0","67,0","0,0","0,0","0,0","0,0","0,0","0,0","18,0","0,0","0,0","0,0","0,0","0,0","0,0","0,0"
Itaitinga,PACO MUNICIPAL,"-3,9750833333333","-38,518833333333",2018,5,"188,0","0,0","34,0","0,0","0,0","0,0","0,0","24,0","33,0","0,0","18,0","0,0","0,0","0,0","0,0","0,0","0,0","0,0","67,0","0,0","0,0","5,0","7,0","0,0","0,0","0,0","0,0","0,0","0,0","0,0","0,0","0,0"
Itaitinga,PACO MUNICIPAL,"-3,9750833333333","-38,518833333333",2018,6,"40,0","0,0","0,0","0,0","0,0","0,0","0,0","5,0","7,0","0,0","0,0","0,0","0,0","0,0","0,0","0,0","0,0","0,0","17,0","11,0","0,0","0,0","0,0","0,0","0,0","0,0","0,0","0,0","0,0","0,0","0,0","0,0"
Itaitinga,PACO MUNICIPAL,"-3,9750833333333","-38,518833333333",2018,7,"108,0","0,0","0,0","0,0","0,0","0,0","40,0","0,0","0,0","0,0","28,0","40,0","0,0","0,0","0,0","0,0","0,0","0,0","0,0","0,0","0,0","0,0","0,0","0,0","0,0","0,0","0,0","0,0","0,0","0,0","0,0","0,0"
Itaitinga,PACO MUNICIPAL,"-3,9750833333333","-38,518833333333",2018,8,"0,0","0,0","0,0","0,0","0,0","0,0","0,0","0,0","0,0","0,0","0,0","0,0","0,0","0,0","0,0","0,0","0,0","0,0","0,0","0,0","0,0","0,0","0,0","0,0","0,0","0,0","0,0","0,0","0,0","0,0","0,0","0,0"
Itaitinga,PACO MUNICIPAL,"-3,9750833333333","-38,518833333333",2018,9,"0,0","0,0","0,0","0,0","0,0","0,0","0,0","0,0","0,0","0,0","0,0","0,0","0,0","0,0","0,0","0,0","0,0","0,0","0,0","0,0","0,0","0,0","0,0","0,0","0,0","0,0","0,0","0,0","0,0","0,0","0,0","0,0"
Itaitinga,PACO MUNICIPAL,"-3,9750833333333","-38,518833333333",2018,10,"0,0","0,0","0,0","0,0","0,0","0,0","0,0","0,0","0,0","0,0","0,0","0,0","0,0","0,0","0,0","0,0","0,0","0,0","0,0","0,0","0,0","0,0","0,0","0,0","0,0","0,0","0,0","0,0","0,0","0,0","0,0","0,0"
Itaitinga,PACO MUNICIPAL,"-3,9750833333333","-38,518833333333",2018,11,"24,0","0,0","0,0","0,0","0,0","0,0","0,0","0,0","0,0","0,0","24,0","0,0","0,0","0,0","0,0","0,0","0,0","0,0","0,0","0,0","0,0","0,0","0,0","0,0","0,0","0,0","0,0","0,0","0,0","0,0","0,0","0,0"
Itaitinga,PACO MUNICIPAL,"-3,9750833333333","-38,518833333333",2018,12,"79,6","0,0","0,0","0,0","0,0","0,0","0,0","0,0","0,0","0,0","0,0","0,0","0,0","0,0","19,0","0,0","0,0","3,0","21,6","0,0","0,0","0,0","0,0","24,0","12,0","0,0","0,0","0,0","0,0","0,0","0,0","0,0"
Itaitinga,PACO MUNICIPAL,"-3,9750833333333","-38,518833333333",2019,1,"92,0","0,0","2,0","0,0","0,0","0,0","0,0","0,0","0,0","0,0","0,0","0,0","0,0","0,0","0,0","25,0","27,0","0,0","38,0","0,0","0,0","0,0","0,0","0,0","0,0","0,0","0,0","0,0","0,0","0,0","0,0","0,0"
Itaitinga,PACO MUNICIPAL,"-3,9750833333333","-38,518833333333",2019,2,"233,0","14,0","0,0","0,0","1,0","0,0","9,0","19,0","4,0","0,0","0,0","0,0","0,0","4,0","6,0","0,0","6,0","0,0","2,0","0,0","0,0","25,0","4,0","14,0","110,0","0,0","0,0","12,0","3,0","0,0","0,0","0,0"
Itaitinga,PACO MUNICIPAL,"-3,9750833333333","-38,518833333333",2019,3,"632,0","4,0","3,0","66,0","10,0","7,0","21,0","9,0","11,0","36,0","84,0","3,0","0,0","30,0","44,0","10,0","133,0","0,0","11,0","48,0","12,0","0,0","2,0","4,0","10,0","2,0","1,0","35,0","0,0","18,0","18,0","0,0"
Itaitinga,PACO MUNICIPAL,"-3,9750833333333","-38,518833333333",2019,4,"443,5","12,0","70,0","11,0","84,0","1,0","0,0","0,0","0,0","0,0","0,0","0,0","37,0","0,0","0,0","40,0","0,0","29,0","0,0","49,0","5,0","0,0","12,0","26,0","0,0","47,0","0,0","0,0","0,0","20,0","0,5","0,0"
Itaitinga,PACO MUNICIPAL,"-3,9750833333333","-38,518833333333",2019,5,"184,0","14,0","0,0","0,0","0,0","0,0","0,0","9,0","1,0","0,0","0,0","0,0","3,0","2,0","0,0","2,0","0,0","0,0","0,0","0,0","24,0","6,0","105,0","6,0","0,0","0,0","0,0","0,0","5,0","0,0","7,0","0,0"
Itaitinga,PACO MUNICIPAL,"-3,9750833333333","-38,518833333333",2019,6,"77,0","0,0","0,0","0,0","0,0","2,0","0,0","0,0","0,0","0,0","0,0","0,0","35,0","10,0","29,0","0,0","0,0","1,0","0,0","0,0","0,0","0,0","0,0","0,0","0,0","0,0","0,0","0,0","0,0","0,0","0,0","0,0"
Itaitinga,PACO MUNICIPAL,"-3,9750833333333","-38,518833333333",2019,7,"34,0","0,0","0,0","0,0","34,0","0,0","0,0","0,0","0,0","0,0","0,0","0,0","0,0","0,0","0,0","0,0","0,0","0,0","0,0","0,0","0,0","0,0","0,0","0,0","0,0","0,0","0,0","0,0","0,0","0,0","0,0","0,0"
Itaitinga,PACO MUNICIPAL,"-3,9750833333333","-38,518833333333",2019,8,"2,0","0,0","0,0","0,0","0,0","0,0","0,0","0,0","0,0","0,0","0,0","0,0","0,0","0,0","2,0","0,0","0,0","0,0","0,0","0,0","0,0","0,0","0,0","0,0","0,0","0,0","0,0","0,0","0,0","0,0","0,0","0,0"
Itaitinga,PACO MUNICIPAL,"-3,9750833333333","-38,518833333333",2019,9,"6,0","0,0","3,0","0,0","0,0","0,0","0,0","0,0","0,0","0,0","0,0","0,0","0,0","0,0","0,0","0,0","0,0","0,0","0,0","0,0","0,0","3,0","0,0","0,0","0,0","0,0","0,0","0,0","0,0","0,0","0,0","0,0"
Itaitinga,PACO MUNICIPAL,"-3,9750833333333","-38,518833333333",2019,10,"2,0","0,0","2,0","0,0","0,0","0,0","0,0","0,0","0,0","0,0","0,0","0,0","0,0","0,0","0,0","0,0","0,0","0,0","0,0","0,0","0,0","0,0","0,0","0,0","0,0","0,0","0,0","0,0","0,0","0,0","0,0","0,0"
Itaitinga,PACO MUNICIPAL,"-3,9750833333333","-38,518833333333",2019,11,"3,0","0,0","0,0","3,0","0,0","0,0","0,0","0,0","0,0","0,0","0,0","0,0","0,0","0,0","0,0","0,0","0,0","0,0","0,0","0,0","0,0","0,0","0,0","0,0","0,0","0,0","0,0","0,0","0,0","0,0","0,0","0,0"
Itaitinga,PACO MUNICIPAL,"-3,9750833333333","-38,518833333333",2019,12,"47,0","0,0","0,0","0,0","0,0","0,0","0,0","0,0","0,0","0,0","0,0","0,0","0,0","0,0","0,0","0,0","0,0","0,0","0,0","0,0","0,0","0,0","0,0","0,0","19,0","0,0","0,0","0,0","0,0","0,0","28,0","0,0"
Itaitinga,PACO MUNICIPAL,"-3,9750833333333","-38,518833333333",2020,1,"146,5","5,0","22,0","3,0","0,0","0,0","3,0","0,0","1,5","0,0","0,0","15,0","0,0","0,0","6,0","3,0","9,0","1,0","0,0","0,0","0,0","0,0","0,0","0,0","0,0","0,0","0,0","8,0","20,0","0,0","3,0","47,0"
Itaitinga,PACO MUNICIPAL,"-3,9750833333333","-38,518833333333",2020,2,"309,0","0,0","0,0","0,0","4,0","79,0","11,0","28,0","0,0","0,0","2,0","5,0","0,0","0,0","13,0","12,0","15,0","5,0","6,0","11,0","26,0","0,0","75,0","5,0","6,0","4,0","2,0","0,0","0,0","0,0","0,0","0,0"
Itaitinga,PACO MUNICIPAL,"-3,9750833333333","-38,518833333333",2020,3,"259,5","0,0","28,0","0,0","0,0","6,0","8,0","4,0","36,0","0,0","8,0","0,0","0,0","74,0","32,0","32,0","11,0","6,0","1,0","0,0","0,0","0,0","0,0","0,0","0,0","5,0","1,5","0,0","5,0","0,0","2,0","0,0"
Itaitinga,PACO MUNICIPAL,"-3,9750833333333","-38,518833333333",2020,4,"364,1","8,0","0,0","0,0","18,5","18,0","18,0","0,0","0,0","0,0","12,0","2,0","1,0","9,0","16,0","10,0","14,0","13,0","7,0","4,6","0,0","52,0","6,0","2,0","56,0","19,0","12,5","26,0","20,0","5,0","14,5","0,0"
Itaitinga,PACO MUNICIPAL,"-3,9750833333333","-38,518833333333",2020,5,"86,8","0,0","0,0","0,0","0,0","0,0","0,0","0,0","0,0","0,0","0,0","0,0","0,0","0,0","0,0","0,0","18,0","0,0","0,0","0,0","0,0","14,6","4,0","10,2","0,0","0,0","0,0","0,0","0,0","12,0","0,0","28,0"
Itaitinga,PACO MUNICIPAL,"-3,9750833333333","-38,518833333333",2020,6,"36,2","5,0","0,0","0,0","0,0","5,0","0,0","4,5","1,0","0,0","0,0","4,0","4,0","6,5","4,2","0,0","0,0","0,0","1,0","0,0","0,0","0,0","0,0","0,0","0,0","0,0","0,0","1,0","0,0","0,0","0,0","0,0"
Itaitinga,PACO MUNICIPAL,"-3,9750833333333","-38,518833333333",2020,7,"46,0","0,0","0,0","0,0","0,0","0,0","7,0","23,0","0,0","0,0","0,0","0,0","0,0","0,0","0,0","0,0","0,0","0,0","0,0","0,0","0,0","16,0","0,0","0,0","0,0","0,0","0,0","0,0","0,0","0,0","0,0","0,0"
Itaitinga,PACO MUNICIPAL,"-3,9750833333333","-38,518833333333",2020,8,"0,0","0,0","0,0","0,0","0,0","0,0","0,0","0,0","0,0","0,0","0,0","0,0","0,0","0,0","0,0","0,0","0,0","0,0","0,0","0,0","0,0","0,0","0,0","0,0","0,0","0,0","0,0","0,0","0,0","0,0","0,0","0,0"
Itaitinga,PACO MUNICIPAL,"-3,9750833333333","-38,518833333333",2020,9,"4,0","0,0","0,0","0,0","0,0","0,0","0,0","0,0","0,0","0,0","0,0","0,0","0,0","0,0","0,0","0,0","0,0","0,0","0,0","0,0","0,0","0,0","0,0","0,0","0,0","0,0","0,0","0,0","0,0","4,0","0,0","0,0"
Itaitinga,PACO MUNICIPAL,"-3,9750833333333","-38,518833333333",2020,10,"1,0","0,0","0,0","0,0","0,0","0,0","0,0","0,0","0,0","0,0","0,0","0,0","0,0","0,0","0,0","0,0","0,0","0,0","0,0","0,0","0,0","0,0","0,0","0,0","0,0","0,0","1,0","0,0","0,0","0,0","0,0","0,0"
Itaitinga,PACO MUNICIPAL,"-3,9750833333333","-38,518833333333",2020,11,"16,5","0,0","0,0","0,0","0,0","0,0","0,0","0,0","0,0","0,0","0,0","10,5","1,0","0,0","0,0","0,0","0,0","0,0","0,0","0,0","5,0","0,0","0,0","0,0","0,0","0,0","0,0","0,0","0,0","0,0","0,0","0,0"
Itaitinga,PACO MUNICIPAL,"-3,9750833333333","-38,518833333333",2020,12,"4,0","0,0","0,0","0,0","0,0","0,0","0,0","0,0","0,0","0,0","0,0","0,0","0,0","0,0","0,0","0,0","0,0","0,0","0,0","0,0","0,0","0,0","0,0","0,0","0,0","0,0","0,0","0,0","0,0","0,0","0,0","4,0"
Itaitinga,PACO MUNICIPAL,"-3,9750833333333","-38,518833333333",2021,1,"0,0","0,0","0,0","0,0","0,0","0,0","0,0","0,0","0,0","0,0","0,0","0,0","0,0","0,0","0,0","0,0","0,0","0,0","0,0","0,0","0,0","0,0","0,0","0,0","0,0","0,0","0,0","0,0","0,0","0,0","0,0","0,0"
Itaitinga,PACO MUNICIPAL,"-3,9750833333333","-38,518833333333",2021,2,"0,0","0,0","0,0","0,0","0,0","0,0","0,0","0,0","0,0","0,0","0,0","0,0","0,0","0,0","0,0","0,0","0,0","0,0","0,0","0,0","0,0","0,0","0,0","0,0","0,0","0,0","0,0","0,0","0,0","0,0","0,0","0,0"
Itaitinga,PACO MUNICIPAL,"-3,9750833333333","-38,518833333333",2021,3,"0,0","0,0","0,0","0,0","0,0","0,0","0,0","0,0","0,0","0,0","0,0","0,0","0,0","0,0","0,0","0,0","0,0","0,0","0,0","0,0","0,0","999,0","999,0","999,0","999,0","999,0","999,0","999,0","999,0","999,0","999,0","999,0"
Itaitinga,PACO MUNICIPAL,"-3,9750833333333","-38,518833333333",2021,4,"999,0","999,0","999,0","999,0","999,0","999,0","999,0","999,0","999,0","999,0","999,0","999,0","999,0","999,0","999,0","999,0","999,0","999,0","999,0","999,0","999,0","999,0","999,0","999,0","999,0","999,0","999,0","999,0","999,0","999,0","0,0","0,0"
Itaitinga,PACO MUNICIPAL,"-3,9750833333333","-38,518833333333",2021,5,"999,0","999,0","999,0","999,0","999,0","999,0","999,0","999,0","999,0","999,0","999,0","999,0","999,0","999,0","999,0","999,0","999,0","999,0","999,0","999,0","999,0","999,0","999,0","999,0","999,0","999,0","999,0","999,0","999,0","999,0","999,0","0,0"
Itaitinga,PACO MUNICIPAL,"-3,9750833333333","-38,518833333333",2021,6,"999,0","999,0","999,0","999,0","999,0","999,0","999,0","999,0","999,0","999,0","999,0","999,0","999,0","999,0","999,0","999,0","999,0","999,0","999,0","999,0","999,0","999,0","999,0","999,0","999,0","999,0","999,0","999,0","999,0","999,0","0,0","0,0"
Itaitinga,PACO MUNICIPAL,"-3,9750833333333","-38,518833333333",2021,7,"999,0","999,0","999,0","999,0","999,0","999,0","999,0","999,0","999,0","999,0","999,0","999,0","999,0","999,0","999,0","999,0","999,0","999,0","999,0","999,0","999,0","999,0","999,0","999,0","999,0","999,0","999,0","999,0","999,0","999,0","999,0","0,0"
Itaitinga,PACO MUNICIPAL,"-3,9750833333333","-38,518833333333",2021,8,"999,0","999,0","999,0","999,0","999,0","999,0","999,0","999,0","999,0","999,0","999,0","999,0","999,0","999,0","999,0","999,0","999,0","999,0","999,0","999,0","999,0","999,0","999,0","999,0","999,0","999,0","999,0","999,0","999,0","999,0","999,0","0,0"
Itaitinga,PACO MUNICIPAL,"-3,9750833333333","-38,518833333333",2021,9,"999,0","999,0","999,0","999,0","999,0","999,0","999,0","999,0","999,0","999,0","999,0","999,0","999,0","999,0","999,0","999,0","999,0","999,0","999,0","999,0","999,0","999,0","999,0","999,0","999,0","999,0","999,0","999,0","999,0","999,0","0,0","0,0"
Itaitinga,PACO MUNICIPAL,"-3,9750833333333","-38,518833333333",2021,10,"999,0","999,0","999,0","999,0","999,0","999,0","999,0","999,0","999,0","999,0","999,0","999,0","999,0","999,0","999,0","999,0","999,0","999,0","999,0","999,0","999,0","999,0","999,0","999,0","999,0","999,0","999,0","999,0","999,0","999,0","999,0","0,0"
Itaitinga,PACO MUNICIPAL,"-3,9750833333333","-38,518833333333",2021,11,"999,0","999,0","999,0","999,0","999,0","999,0","999,0","999,0","999,0","999,0","999,0","999,0","999,0","999,0","999,0","999,0","999,0","999,0","999,0","999,0","999,0","999,0","999,0","999,0","999,0","999,0","999,0","999,0","999,0","999,0","0,0","0,0"
Itaitinga,PACO MUNICIPAL,"-3,9750833333333","-38,518833333333",2021,12,"999,0","999,0","999,0","999,0","999,0","999,0","999,0","999,0","999,0","999,0","999,0","999,0","999,0","999,0","999,0","999,0","999,0","999,0","999,0","999,0","999,0","999,0","999,0","999,0","999,0","999,0","999,0","999,0","999,0","999,0","999,0","0,0"
Itaitinga,PACO MUNICIPAL,"-3,9750833333333","-38,518833333333",2022,1,"999,0","999,0","999,0","999,0","999,0","999,0","999,0","999,0","999,0","999,0","999,0","999,0","999,0","999,0","999,0","999,0","999,0","999,0","999,0","999,0","999,0","999,0","999,0","999,0","999,0","999,0","999,0","999,0","999,0","999,0","999,0","0,0"
Itaitinga,PACO MUNICIPAL,"-3,9750833333333","-38,518833333333",2022,2,"999,0","999,0","999,0","999,0","999,0","999,0","999,0","999,0","999,0","999,0","999,0","999,0","999,0","999,0","999,0","999,0","999,0","999,0","999,0","999,0","999,0","999,0","999,0","999,0","999,0","999,0","999,0","999,0","0,0","0,0","0,0","0,0"
Itaitinga,PACO MUNICIPAL,"-3,9750833333333","-38,518833333333",2022,3,"999,0","999,0","999,0","999,0","999,0","999,0","999,0","999,0","999,0","999,0","999,0","999,0","999,0","999,0","999,0","999,0","999,0","999,0","999,0","999,0","999,0","999,0","999,0","999,0","999,0","999,0","999,0","999,0","999,0","999,0","999,0","0,0"
Itaitinga,PACO MUNICIPAL,"-3,9750833333333","-38,518833333333",2022,4,"999,0","999,0","999,0","999,0","999,0","999,0","999,0","999,0","999,0","999,0","999,0","999,0","999,0","999,0","999,0","999,0","999,0","999,0","999,0","999,0","999,0","999,0","999,0","999,0","999,0","999,0","999,0","999,0","999,0","999,0","0,0","0,0"
Itaitinga,PACO MUNICIPAL,"-3,9750833333333","-38,518833333333",2022,5,"999,0","999,0","999,0","999,0","999,0","999,0","999,0","999,0","999,0","999,0","999,0","999,0","999,0","999,0","999,0","999,0","999,0","999,0","999,0","999,0","999,0","999,0","999,0","999,0","999,0","999,0","999,0","999,0","999,0","999,0","999,0","0,0"
Itaitinga,PACO MUNICIPAL,"-3,9750833333333","-38,518833333333",2022,6,"999,0","999,0","999,0","999,0","999,0","999,0","999,0","999,0","999,0","999,0","999,0","999,0","999,0","999,0","999,0","999,0","999,0","999,0","999,0","999,0","999,0","999,0","999,0","999,0","999,0","999,0","999,0","999,0","999,0","999,0","0,0","0,0"
Itaitinga,PACO MUNICIPAL,"-3,9750833333333","-38,518833333333",2022,7,"999,0","999,0","999,0","999,0","999,0","999,0","999,0","999,0","999,0","999,0","999,0","999,0","999,0","999,0","999,0","999,0","999,0","999,0","999,0","999,0","999,0","999,0","999,0","999,0","999,0","999,0","999,0","999,0","999,0","999,0","999,0","0,0"
Itaitinga,PACO MUNICIPAL,"-3,9750833333333","-38,518833333333",2022,8,"999,0","999,0","999,0","999,0","999,0","999,0","999,0","999,0","999,0","999,0","999,0","999,0","999,0","999,0","999,0","999,0","999,0","999,0","999,0","999,0","999,0","999,0","999,0","999,0","999,0","999,0","999,0","999,0","999,0","999,0","999,0","0,0"
Itaitinga,PACO MUNICIPAL,"-3,9750833333333","-38,518833333333",2022,9,"999,0","999,0","999,0","999,0","999,0","999,0","999,0","999,0","999,0","999,0","999,0","999,0","999,0","999,0","999,0","999,0","999,0","999,0","999,0","999,0","999,0","999,0","999,0","999,0","999,0","999,0","999,0","999,0","999,0","999,0","0,0","0,0"
Itaitinga,PACO MUNICIPAL,"-3,9750833333333","-38,518833333333",2022,10,"999,0","999,0","999,0","999,0","999,0","999,0","999,0","999,0","999,0","999,0","999,0","999,0","999,0","999,0","999,0","999,0","999,0","999,0","999,0","999,0","999,0","999,0","999,0","999,0","999,0","999,0","999,0","999,0","999,0","999,0","999,0","0,0"
Itaitinga,PACO MUNICIPAL,"-3,9750833333333","-38,518833333333",2022,11,"999,0","999,0","999,0","999,0","999,0","999,0","999,0","999,0","999,0","999,0","999,0","999,0","999,0","999,0","999,0","999,0","999,0","999,0","999,0","999,0","999,0","999,0","999,0","999,0","999,0","999,0","999,0","999,0","999,0","999,0","0,0","0,0"
Itaitinga,PACO MUNICIPAL,"-3,9750833333333","-38,518833333333",2022,12,"999,0","999,0","999,0","999,0","999,0","999,0","999,0","999,0","999,0","999,0","999,0","999,0","999,0","999,0","999,0","999,0","999,0","999,0","999,0","999,0","999,0","999,0","999,0","999,0","999,0","999,0","999,0","999,0","999,0","999,0","999,0","0,0"
Itaitinga,PACO MUNICIPAL,"-3,9750833333333","-38,518833333333",2023,1,"999,0","999,0","999,0","999,0","999,0","999,0","999,0","999,0","999,0","999,0","999,0","999,0","999,0","999,0","999,0","999,0","999,0","999,0","999,0","999,0","999,0","999,0","999,0","999,0","999,0","999,0","999,0","999,0","999,0","999,0","999,0","0,0"
Itaitinga,PACO MUNICIPAL,"-3,9750833333333","-38,518833333333",2023,2,"999,0","999,0","999,0","999,0","999,0","999,0","999,0","999,0","999,0","999,0","999,0","999,0","999,0","999,0","999,0","999,0","999,0","999,0","999,0","999,0","999,0","999,0","999,0","999,0","999,0","999,0","999,0","999,0","0,0","0,0","0,0","0,0"
Itaitinga,PACO MUNICIPAL,"-3,9750833333333","-38,518833333333",2023,3,"999,0","999,0","999,0","999,0","999,0","999,0","999,0","999,0","999,0","999,0","999,0","999,0","999,0","999,0","999,0","999,0","999,0","999,0","999,0","999,0","999,0","999,0","999,0","999,0","999,0","999,0","999,0","999,0","999,0","999,0","999,0","0,0"
Itaitinga,PACO MUNICIPAL,"-3,9750833333333","-38,518833333333",2023,4,"999,0","999,0","999,0","999,0","999,0","999,0","999,0","999,0","999,0","999,0","999,0","999,0","999,0","999,0","999,0","999,0","999,0","999,0","999,0","999,0","999,0","999,0","999,0","999,0","999,0","999,0","999,0","999,0","999,0","999,0","0,0","0,0"
Itaitinga,PACO MUNICIPAL,"-3,9750833333333","-38,518833333333",2023,5,"999,0","999,0","999,0","999,0","999,0","999,0","999,0","999,0","999,0","999,0","999,0","999,0","999,0","999,0","999,0","999,0","999,0","999,0","999,0","999,0","999,0","999,0","999,0","999,0","999,0","999,0","999,0","999,0","999,0","999,0","999,0","0,0"
Itaitinga,PACO MUNICIPAL,"-3,9750833333333","-38,518833333333",2023,6,"999,0","999,0","999,0","999,0","999,0","999,0","999,0","999,0","999,0","999,0","999,0","999,0","999,0","999,0","999,0","999,0","999,0","999,0","999,0","999,0","999,0","999,0","999,0","999,0","999,0","999,0","999,0","999,0","999,0","999,0","0,0","0,0"
Itaitinga,PACO MUNICIPAL,"-3,9750833333333","-38,518833333333",2023,7,"999,0","999,0","999,0","999,0","999,0","999,0","999,0","999,0","999,0","999,0","999,0","999,0","999,0","999,0","999,0","999,0","999,0","999,0","999,0","999,0","999,0","999,0","999,0","999,0","999,0","999,0","999,0","999,0","999,0","999,0","999,0","0,0"
Itaitinga,PACO MUNICIPAL,"-3,9750833333333","-38,518833333333",2023,8,"999,0","999,0","999,0","999,0","999,0","999,0","999,0","999,0","999,0","999,0","999,0","999,0","999,0","999,0","999,0","999,0","999,0","999,0","999,0","999,0","999,0","999,0","999,0","999,0","999,0","999,0","999,0","999,0","999,0","999,0","999,0","0,0"
Itaitinga,PACO MUNICIPAL,"-3,9750833333333","-38,518833333333",2023,9,"999,0","999,0","999,0","999,0","999,0","999,0","999,0","999,0","999,0","999,0","999,0","999,0","999,0","999,0","999,0","999,0","999,0","999,0","999,0","999,0","999,0","999,0","999,0","999,0","999,0","999,0","999,0","999,0","999,0","999,0","0,0","0,0"
Itaitinga,PACO MUNICIPAL,"-3,9750833333333","-38,518833333333",2023,10,"999,0","999,0","999,0","999,0","999,0","999,0","999,0","999,0","999,0","999,0","999,0","999,0","999,0","999,0","999,0","999,0","999,0","999,0","999,0","999,0","999,0","999,0","999,0","999,0","999,0","999,0","999,0","999,0","999,0","999,0","999,0","0,0"
Itaitinga,PACO MUNICIPAL,"-3,9750833333333","-38,518833333333",2023,11,"999,0","999,0","999,0","999,0","999,0","999,0","999,0","999,0","999,0","999,0","999,0","999,0","999,0","999,0","999,0","999,0","999,0","999,0","999,0","999,0","999,0","999,0","999,0","999,0","999,0","999,0","999,0","999,0","999,0","999,0","0,0","0,0"
Itaitinga,PACO MUNICIPAL,"-3,9750833333333","-38,518833333333",2023,12,"999,0","999,0","999,0","999,0","999,0","999,0","999,0","999,0","999,0","999,0","999,0","999,0","999,0","999,0","999,0","999,0","999,0","999,0","999,0","999,0","999,0","999,0","999,0","999,0","999,0","999,0","999,0","999,0","999,0","999,0","999,0","0,0"
